Month	Day	Time	Height	Discharge
		(mst)	(HG ft)	(QR cfs)
-----	---	----	------	---------
Dec	31	930	5.21	0
Dec	31	900	5.21	0
Dec	31	830	5.21	0
Dec	31	800	5.21	0
Dec	31	730	5.21	0
Dec	31	700	5.21	0
Dec	31	630	5.2	0
Dec	31	600	5.21	0
Dec	31	530	5.21	0
Dec	31	500	5.21	0
Dec	31	430	5.21	0
Dec	31	400	5.21	0
Dec	31	330	5.21	0
Dec	31	300	5.21	0
Dec	31	230	5.21	0
Dec	31	200	5.21	0
Dec	31	130	5.21	0
Dec	31	100	5.21	0
Dec	31	30	5.21	0
Dec	31	0	5.21	0
Dec	30	2330	5.21	0
Dec	30	2300	5.21	0
Dec	30	2230	5.21	0
Dec	30	2200	5.21	0
Dec	30	2130	5.21	0
Dec	30	2100	5.21	0
Dec	30	2030	5.21	0
Dec	30	2000	5.21	0
Dec	30	1930	5.21	0
Dec	30	1900	5.21	0
Dec	30	1830	5.21	0
Dec	30	1800	5.21	0
Dec	30	1730	5.21	0
Dec	30	1700	5.21	0
Dec	30	1630	5.21	0
Dec	30	1600	5.21	0
Dec	30	1530	5.21	0
Dec	30	1500	5.21	0
Dec	30	1430	5.21	0
Dec	30	1400	5.21	0
Dec	30	1330	5.21	0
Dec	30	1300	5.21	0
Dec	30	1230	5.21	0
Dec	30	1200	5.21	0
Dec	30	1130	5.21	0
Dec	30	1100	5.21	0
Dec	30	1030	5.21	0
Dec	30	1000	5.21	0
Dec	30	930	5.21	0
Dec	30	900	5.21	0
Dec	30	830	5.21	0
Dec	30	800	5.21	0
Dec	30	730	5.21	0
Dec	30	700	5.21	0
Dec	30	630	5.21	0
Dec	30	600	5.21	0
Dec	30	530	5.21	0
Dec	30	500	5.21	0
Dec	30	430	5.21	0
Dec	30	400	5.21	0
Dec	30	330	5.21	0
Dec	30	300	5.21	0
Dec	30	230	5.21	0
Dec	30	200	5.21	0
Dec	30	130	5.21	0
Dec	30	100	5.21	0
Dec	30	30	5.21	0
Dec	30	0	5.21	0
Dec	29	2330	5.21	0
Dec	29	2300	5.21	0
Dec	29	2230	5.22	0
Dec	29	2200	5.21	0
Dec	29	2130	5.21	0
Dec	29	2100	5.22	0
Dec	29	2030	5.21	0
Dec	29	2000	5.22	0
Dec	29	1930	5.22	0
Dec	29	1900	5.22	0
Dec	29	1830	5.23	0
Dec	29	1800	5.23	0
Dec	29	1730	5.24	0
Dec	29	1700	5.25	0
Dec	29	1630	5.26	0
Dec	29	1600	5.26	0
Dec	29	1530	5.26	0
Dec	29	1500	5.26	0
Dec	29	1430	5.26	0
Dec	29	1400	5.26	0
Dec	29	1330	5.26	0
Dec	29	1300	5.26	0
Dec	29	1230	5.26	0
Dec	29	1200	5.26	0
Dec	29	1130	5.26	0
Dec	29	1100	5.26	0
Dec	29	1030	5.26	0
Dec	29	1000	5.27	0
Dec	29	930	5.26	0
Dec	29	900	5.26	0
Dec	29	830	5.26	0
Dec	29	800	5.26	0
Dec	29	730	5.26	0
Dec	29	700	5.26	0
Dec	29	630	5.26	0
Dec	29	600	5.26	0
Dec	29	530	5.26	0
Dec	29	500	5.26	0
Dec	29	430	5.26	0
Dec	29	400	5.26	0
Dec	29	330	5.26	0
Dec	29	300	5.27	0
Dec	29	230	5.26	0
Dec	29	200	5.26	0
Dec	29	130	5.26	0
Dec	29	100	5.26	0
Dec	29	30	5.27	0
Dec	29	0	5.27	0
Dec	28	2330	5.27	0
Dec	28	2300	5.26	0
Dec	28	2230	5.26	0
Dec	28	2200	5.27	0
Dec	28	2130	5.26	0
Dec	28	2100	5.26	0
Dec	28	2030	5.27	0
Dec	28	2000	5.27	0
Dec	28	1930	5.27	0
Dec	28	1900	5.27	0
Dec	28	1830	5.27	0
Dec	28	1800	5.27	0
Dec	28	1730	5.28	0
Dec	28	1700	5.28	0
Dec	28	1630	5.29	0
Dec	28	1600	5.3	0
Dec	28	1530	5.31	0
Dec	28	1500	5.33	0
Dec	28	1430	5.34	0
Dec	28	1400	5.34	0
Dec	28	1330	5.35	0
Dec	28	1300	5.35	0
Dec	28	1230	5.34	0
Dec	28	1200	5.35	0
Dec	28	1130	5.35	0
Dec	28	1100	5.35	0
Dec	28	1030	5.34	0
Dec	28	1000	5.35	0
Dec	28	930	5.35	0
Dec	28	900	5.34	0
Dec	28	830	5.34	0
Dec	28	800	5.35	0
Dec	28	730	5.35	0
Dec	28	700	5.35	0
Dec	28	630	5.34	0
Dec	28	600	5.34	0
Dec	28	530	5.35	0
Dec	28	500	5.35	0
Dec	28	430	5.35	0
Dec	28	400	5.34	0
Dec	28	330	5.35	0
Dec	28	300	5.36	0
Dec	28	230	5.35	0
Dec	28	200	5.34	0
Dec	28	130	5.35	0
Dec	28	100	5.35	0
Dec	28	30	5.34	0
Dec	28	0	5.35	0
Dec	27	2330	5.35	0
Dec	27	2300	5.35	0
Dec	27	2230	5.35	0
Dec	27	2200	5.35	0
Dec	27	2130	5.34	0
Dec	27	2100	5.35	0
Dec	27	2030	5.35	0
Dec	27	2000	5.35	0
Dec	27	1930	5.35	0
Dec	27	1900	5.35	0
Dec	27	1830	5.36	0
Dec	27	1800	5.35	0
Dec	27	1730	5.35	0
Dec	27	1700	5.34	0
Dec	27	1630	5.34	0
Dec	27	1600	5.34	0
Dec	27	1530	5.35	0
Dec	27	1500	5.35	0
Dec	27	1430	5.35	0
Dec	27	1400	5.35	0
Dec	27	1330	5.35	0
Dec	27	1300	5.35	0
Dec	27	1230	5.35	0
Dec	27	1200	5.34	0
Dec	27	1130	5.35	0
Dec	27	1100	5.34	0
Dec	27	1030	5.35	0
Dec	27	1000	5.35	0
Dec	27	930	5.34	0
Dec	27	900	5.34	0
Dec	27	830	5.34	0
Dec	27	800	5.34	0
Dec	27	730	5.34	0
Dec	27	700	5.34	0
Dec	27	630	5.34	0
Dec	27	600	5.35	0
Dec	27	530	5.35	0
Dec	27	500	5.35	0
Dec	27	430	5.34	0
Dec	27	400	5.34	0
Dec	27	330	5.34	0
Dec	27	300	5.35	0
Dec	27	230	5.35	0
Dec	27	200	5.35	0
Dec	27	130	5.35	0
Dec	27	100	5.35	0
Dec	27	30	5.36	0
Dec	27	0	5.36	0
Dec	26	2330	5.35	0
Dec	26	2300	5.35	0
Dec	26	2230	5.35	0
Dec	26	2200	5.35	0
Dec	26	2130	5.36	0
Dec	26	2100	5.36	0
Dec	26	2030	5.35	0
Dec	26	2000	5.35	0
Dec	26	1930	5.35	0
Dec	26	1900	5.36	0
Dec	26	1830	5.35	0
Dec	26	1800	5.35	0
Dec	26	1730	5.35	0
Dec	26	1700	5.35	0
Dec	26	1630	5.35	0
Dec	26	1600	5.35	0
Dec	26	1530	5.35	0
Dec	26	1500	5.35	0
Dec	26	1430	5.36	0
Dec	26	1400	5.36	0
Dec	26	1330	5.35	0
Dec	26	1300	5.35	0
Dec	26	1230	5.35	0
Dec	26	1200	5.35	0
Dec	26	1130	5.36	0
Dec	26	1100	5.36	0
Dec	26	1030	5.36	0
Dec	26	1000	5.35	0
Dec	26	930	5.35	0
Dec	26	900	5.35	0
Dec	26	830	5.35	0
Dec	26	800	5.35	0
Dec	26	730	5.36	0
Dec	26	700	5.36	0
Dec	26	630	5.36	0
Dec	26	600	5.36	0
Dec	26	530	5.35	0
Dec	26	500	5.36	0
Dec	26	430	5.36	0
Dec	26	400	5.36	0
Dec	26	330	5.36	0
Dec	26	300	5.36	0
Dec	26	230	5.36	0
Dec	26	200	5.36	0
Dec	26	130	5.36	0
Dec	26	100	5.35	0
Dec	26	30	5.35	0
Dec	26	0	5.35	0
Dec	25	2330	5.35	0
Dec	25	2300	5.35	0
Dec	25	2230	5.36	0
Dec	25	2200	5.36	0
Dec	25	2130	5.35	0
Dec	25	2100	5.35	0
Dec	25	2030	5.35	0
Dec	25	2000	5.35	0
Dec	25	1930	5.35	0
Dec	25	1900	5.36	0
Dec	25	1830	5.36	0
Dec	25	1800	5.36	0
Dec	25	1730	5.36	0
Dec	25	1700	5.36	0
Dec	25	1630	5.36	0
Dec	25	1600	5.35	0
Dec	25	1530	5.36	0
Dec	25	1500	5.36	0
Dec	25	1430	5.36	0
Dec	25	1400	5.36	0
Dec	25	1330	5.36	0
Dec	25	1300	5.36	0
Dec	25	1230	5.36	0
Dec	25	1200	5.36	0
Dec	25	1130	5.37	0
Dec	25	1100	5.37	0
Dec	25	1030	5.36	0
Dec	25	1000	5.36	0
Dec	25	930	5.37	0
Dec	25	900	5.37	0
Dec	25	830	5.36	0
Dec	25	800	5.36	0
Dec	25	730	5.36	0
Dec	25	700	5.36	0
Dec	25	630	5.36	0
Dec	25	600	5.37	0
Dec	25	530	5.37	0
Dec	25	500	5.37	0
Dec	25	430	5.36	0
Dec	25	400	5.37	0
Dec	25	330	5.36	0
Dec	25	300	5.37	0
Dec	25	230	5.37	0
Dec	25	200	5.37	0
Dec	25	130	5.36	0
Dec	25	100	5.37	0
Dec	25	30	5.37	0
Dec	25	0	5.37	0
Dec	24	2330	5.37	0
Dec	24	2300	5.36	0
Dec	24	2230	5.37	0
Dec	24	2200	5.38	0
Dec	24	2130	5.38	0
Dec	24	2100	5.37	0
Dec	24	2030	5.37	0
Dec	24	2000	5.37	0
Dec	24	1930	5.37	0
Dec	24	1900	5.38	0
Dec	24	1830	5.38	0
Dec	24	1800	5.38	0
Dec	24	1730	5.39	0
Dec	24	1700	5.4	0
Dec	24	1630	5.4	0
Dec	24	1600	5.41	0
Dec	24	1530	5.43	0
Dec	24	1500	5.45	0
Dec	24	1430	5.48	0
Dec	24	1400	5.5	0
Dec	24	1330	5.53	0
Dec	24	1300	5.53	0
Dec	24	1230	5.54	0
Dec	24	1200	5.53	0
Dec	24	1130	5.54	0
Dec	24	1100	5.54	0
Dec	24	1030	5.53	0
Dec	24	1000	5.53	0
Dec	24	930	5.54	0
Dec	24	900	5.54	0
Dec	24	830	5.54	0
Dec	24	800	5.55	0
Dec	24	730	5.54	0
Dec	24	700	5.53	0
Dec	24	630	5.54	0
Dec	24	600	5.55	0
Dec	24	530	5.54	0
Dec	24	500	5.54	0
Dec	24	430	5.54	0
Dec	24	400	5.54	0
Dec	24	330	5.54	0
Dec	24	300	5.54	0
Dec	24	230	5.54	0
Dec	24	200	5.54	0
Dec	24	130	5.54	0
Dec	24	100	5.54	0
Dec	24	30	5.54	0
Dec	24	0	5.54	0
Dec	23	2330	5.54	0
Dec	23	2300	5.54	0
Dec	23	2230	5.55	0
Dec	23	2200	5.54	0
Dec	23	2130	5.54	0
Dec	23	2100	5.54	0
Dec	23	2030	5.54	0
Dec	23	2000	5.55	0
Dec	23	1930	5.55	0
Dec	23	1900	5.55	0
Dec	23	1830	5.56	0
Dec	23	1800	5.57	0
Dec	23	1730	5.58	0
Dec	23	1700	5.59	0
Dec	23	1630	5.61	0
Dec	23	1600	5.63	0
Dec	23	1530	5.64	0
Dec	23	1500	5.63	0
Dec	23	1430	5.63	0
Dec	23	1400	5.64	0
Dec	23	1330	5.64	0
Dec	23	1300	5.64	0
Dec	23	1230	5.64	0
Dec	23	1200	5.64	0
Dec	23	1130	5.64	0
Dec	23	1100	5.64	0
Dec	23	1030	5.64	0
Dec	23	1000	5.64	0
Dec	23	930	5.64	0
Dec	23	900	5.64	0
Dec	23	830	5.64	0
Dec	23	800	5.64	0
Dec	23	730	5.64	0
Dec	23	700	5.64	0
Dec	23	630	5.64	0
Dec	23	600	5.64	0
Dec	23	530	5.64	0
Dec	23	500	5.64	0
Dec	23	430	5.64	0
Dec	23	400	5.64	0
Dec	23	330	5.64	0
Dec	23	300	5.65	0
Dec	23	230	5.65	0
Dec	23	200	5.64	0
Dec	23	130	5.64	0
Dec	23	100	5.64	0
Dec	23	30	5.64	0
Dec	23	0	5.65	0
Dec	22	2330	5.65	0
Dec	22	2300	5.65	0
Dec	22	2230	5.64	0
Dec	22	2200	5.64	0
Dec	22	2130	5.64	0
Dec	22	2100	5.64	0
Dec	22	2030	5.65	0
Dec	22	2000	5.65	0
Dec	22	1930	5.65	0
Dec	22	1900	5.65	0
Dec	22	1830	5.65	0
Dec	22	1800	5.66	0
Dec	22	1730	5.67	0
Dec	22	1700	5.67	0
Dec	22	1630	5.69	0
Dec	22	1600	5.71	0
Dec	22	1530	5.74	0
Dec	22	1500	5.76	0
Dec	22	1430	5.79	0
Dec	22	1400	5.84	0
Dec	22	1330	5.84	0
Dec	22	1300	5.83	0
Dec	22	1230	5.84	0
Dec	22	1200	5.84	0
Dec	22	1130	5.84	0
Dec	22	1100	5.83	0
Dec	22	1030	5.84	0
Dec	22	1000	5.84	0
Dec	22	930	5.84	0
Dec	22	900	5.84	0
Dec	22	830	5.84	0
Dec	22	800	5.84	0
Dec	22	730	5.83	0
Dec	22	700	5.84	0
Dec	22	630	5.83	0
Dec	22	600	5.83	0
Dec	22	530	5.83	0
Dec	22	500	5.83	0
Dec	22	430	5.83	0
Dec	22	400	5.83	0
Dec	22	330	5.83	0
Dec	22	300	5.84	0
Dec	22	230	5.84	0
Dec	22	200	5.83	0
Dec	22	130	5.83	0
Dec	22	100	5.83	0
Dec	22	30	5.83	0
Dec	22	0	5.82	0
Dec	21	2330	5.84	0
Dec	21	2300	5.84	0
Dec	21	2230	5.84	0
Dec	21	2200	5.84	0
Dec	21	2130	5.84	0
Dec	21	2100	5.84	0
Dec	21	2030	5.84	0
Dec	21	2000	5.84	0
Dec	21	1930	5.84	0
Dec	21	1900	5.84	0
Dec	21	1830	5.85	0
Dec	21	1800	5.84	0
Dec	21	1730	5.84	0
Dec	21	1700	5.86	0
Dec	21	1630	5.87	0
Dec	21	1600	5.88	0
Dec	21	1530	5.9	0
Dec	21	1500	5.89	0
Dec	21	1430	5.91	0
Dec	21	1400	5.92	0
Dec	21	1330	5.92	0
Dec	21	1300	5.92	0
Dec	21	1230	5.91	0
Dec	21	1200	5.92	0
Dec	21	1130	5.92	0
Dec	21	1100	5.91	0
Dec	21	1030	0	0
Dec	21	1000	0	0
Dec	21	930	0	0
Dec	21	900	0	0
Dec	21	830	0	0
Dec	21	800	0	0
Dec	21	730	0	0
Dec	21	700	0	0
Dec	21	630	M	M
Dec	21	600	M	M
Dec	21	530	M	M
Dec	21	500	M	M
Dec	21	430	M	M
Dec	21	400	M	M
Dec	21	330	M	M
Dec	21	300	M	M
Dec	21	230	M	M
Dec	21	200	M	M
Dec	21	130	M	M
Dec	21	100	M	M
Dec	21	30	M	M
Dec	21	0	M	M
Dec	20	2330	M	M
Dec	20	2300	M	M
Dec	20	2230	M	M
Dec	20	2200	M	M
Dec	20	2130	M	M
Dec	20	2100	M	M
Dec	20	2030	M	M
Dec	20	2000	M	M
Dec	20	1930	M	M
Dec	20	1900	M	M
Dec	20	1830	M	M
Dec	20	1800	M	M
Dec	20	1730	M	M
Dec	20	1700	M	M
Dec	20	1630	M	M
Dec	20	1600	M	M
Dec	20	1530	M	M
Dec	20	1500	M	M
Dec	20	1430	M	M
Dec	20	1400	M	M
Dec	20	1330	M	M
Dec	20	1300	M	M
Dec	20	1230	M	M
Dec	20	1200	M	M
Dec	20	1130	M	M
Dec	20	1100	M	M
Dec	20	1030	M	M
Dec	20	1000	M	M
Dec	20	930	M	M
Dec	20	900	M	M
Dec	20	830	M	M
Dec	20	800	M	M
Dec	20	730	M	M
Dec	20	700	M	M
Dec	20	630	M	M
Dec	20	600	M	M
Dec	20	530	M	M
Dec	20	500	M	M
Dec	20	430	M	M
Dec	20	400	M	M
Dec	20	330	M	M
Dec	20	300	M	M
Dec	20	230	M	M
Dec	20	200	M	M
Dec	20	130	M	M
Dec	20	100	M	M
Dec	20	30	M	M
Dec	20	0	M	M
Dec	19	2330	M	M
Dec	19	2300	M	M
Dec	19	2230	M	M
Dec	19	2200	M	M
Dec	19	2130	M	M
Dec	19	2100	M	M
Dec	19	2030	M	M
Dec	19	2000	M	M
Dec	19	1930	M	M
Dec	19	1900	M	M
Dec	19	1830	M	M
Dec	19	1800	M	M
Dec	19	1730	M	M
Dec	19	1700	M	M
Dec	19	1630	M	M
Dec	19	1600	M	M
Dec	19	1530	M	M
Dec	19	1500	M	M
Dec	19	1430	M	M
Dec	19	1400	M	M
Dec	19	1330	M	M
Dec	19	1300	M	M
Dec	19	1230	M	M
Dec	19	1200	M	M
Dec	19	1130	M	M
Dec	19	1100	M	M
Dec	19	1030	M	M
Dec	19	1000	M	M
Dec	19	930	M	M
Dec	19	900	M	M
Dec	19	830	M	M
Dec	19	800	M	M
Dec	19	730	M	M
Dec	19	700	M	M
Dec	19	630	M	M
Dec	19	600	M	M
Dec	19	530	M	M
Dec	19	500	M	M
Dec	19	430	M	M
Dec	19	400	M	M
Dec	19	330	M	M
Dec	19	300	M	M
Dec	19	230	M	M
Dec	19	200	M	M
Dec	19	130	M	M
Dec	19	100	M	M
Dec	19	30	M	M
Dec	19	0	M	M
Dec	18	2330	M	M
Dec	18	2300	M	M
Dec	18	2230	M	M
Dec	18	2200	M	M
Dec	18	2130	M	M
Dec	18	2100	M	M
Dec	18	2030	M	M
Dec	18	2000	M	M
Dec	18	1930	M	M
Dec	18	1900	M	M
Dec	18	1830	M	M
Dec	18	1800	M	M
Dec	18	1730	M	M
Dec	18	1700	M	M
Dec	18	1630	M	M
Dec	18	1600	M	M
Dec	18	1530	M	M
Dec	18	1500	M	M
Dec	18	1430	M	M
Dec	18	1400	M	M
Dec	18	1330	M	M
Dec	18	1300	M	M
Dec	18	1230	5.91	0
Dec	18	1200	5.92	0
Dec	18	1130	5.91	0
Dec	18	1100	5.92	0
Dec	18	1030	5.91	0
Dec	18	1000	5.91	0
Dec	18	930	5.93	0
Dec	18	900	5.91	0
Dec	18	830	5.91	0
Dec	18	800	5.91	0
Dec	18	730	5.91	0
Dec	18	700	5.91	0
Dec	18	630	5.9	0
Dec	18	600	5.9	0
Dec	18	530	5.91	0
Dec	18	500	5.9	0
Dec	18	430	5.91	0
Dec	18	400	5.92	0
Dec	18	330	5.92	0
Dec	18	300	5.91	0
Dec	18	230	5.91	0
Dec	18	200	5.92	0
Dec	18	130	5.91	0
Dec	18	100	5.92	0
Dec	18	30	5.92	0
Dec	18	0	5.9	0
Dec	17	2330	5.9	0
Dec	17	2300	5.91	0
Dec	17	2230	5.91	0
Dec	17	2200	5.9	0
Dec	17	2130	5.9	0
Dec	17	2100	5.91	0
Dec	17	2030	5.91	0
Dec	17	2000	5.91	0
Dec	17	1930	5.91	0
Dec	17	1900	5.92	0
Dec	17	1830	5.91	0
Dec	17	1800	5.91	0
Dec	17	1730	5.93	0
Dec	17	1700	5.93	0
Dec	17	1630	5.95	0
Dec	17	1600	5.95	0
Dec	17	1530	5.97	0
Dec	17	1500	5.99	0
Dec	17	1430	6	0
Dec	17	1400	6	0
Dec	17	1330	6	0
Dec	17	1300	6.02	0
Dec	17	1230	6.02	0
Dec	17	1200	6.03	0
Dec	17	1130	6.01	0
Dec	17	1100	6.02	0
Dec	17	1030	6.01	0
Dec	17	1000	6.01	0
Dec	17	930	6.01	0
Dec	17	900	6.01	0
Dec	17	830	6.01	0
Dec	17	800	6	0
Dec	17	730	6.02	0
Dec	17	700	6.01	0
Dec	17	630	6.01	0
Dec	17	600	6.01	0
Dec	17	530	6.02	0
Dec	17	500	6.02	0
Dec	17	430	6.01	0
Dec	17	400	6.02	0
Dec	17	330	6.01	0
Dec	17	300	6.01	0
Dec	17	230	6.02	0
Dec	17	200	6.02	0
Dec	17	130	6.01	0
Dec	17	100	6.01	0
Dec	17	30	6.02	0
Dec	17	0	6.01	0
Dec	16	2330	6	0
Dec	16	2300	6.01	0
Dec	16	2230	6.02	0
Dec	16	2200	6.01	0
Dec	16	2130	6	0
Dec	16	2100	6	0
Dec	16	2030	6.03	0
Dec	16	2000	6.02	0
Dec	16	1930	6.01	0
Dec	16	1900	6.01	0
Dec	16	1830	6.01	0
Dec	16	1800	6.01	0
Dec	16	1730	6.01	0
Dec	16	1700	6.02	0
Dec	16	1630	6.01	0
Dec	16	1600	6.01	0
Dec	16	1530	6	0
Dec	16	1500	6	0
Dec	16	1430	6.01	0
Dec	16	1400	6.01	0
Dec	16	1330	6.02	0
Dec	16	1300	6.02	0
Dec	16	1230	6.01	0
Dec	16	1200	6.02	0
Dec	16	1130	6.02	0
Dec	16	1100	6.02	0
Dec	16	1030	6.01	0
Dec	16	1000	6.02	0
Dec	16	930	6.01	0
Dec	16	900	6.01	0
Dec	16	830	6.01	0
Dec	16	800	6.01	0
Dec	16	730	6.01	0
Dec	16	700	6.01	0
Dec	16	630	6.02	0
Dec	16	600	6.01	0
Dec	16	530	6	0
Dec	16	500	6.01	0
Dec	16	430	6.01	0
Dec	16	400	6.01	0
Dec	16	330	6.01	0
Dec	16	300	6.02	0
Dec	16	230	6.02	0
Dec	16	200	6	0
Dec	16	130	6	0
Dec	16	100	6.02	0
Dec	16	30	6.02	0
Dec	16	0	6	0
Dec	15	2330	6.01	0
Dec	15	2300	6.01	0
Dec	15	2230	6.01	0
Dec	15	2200	6.01	0
Dec	15	2130	6.02	0
Dec	15	2100	6.02	0
Dec	15	2030	6.01	0
Dec	15	2000	6.01	0
Dec	15	1930	6.01	0
Dec	15	1900	6.01	0
Dec	15	1830	6.02	0
Dec	15	1800	6.01	0
Dec	15	1730	6.02	0
Dec	15	1700	6.01	0
Dec	15	1630	6.01	0
Dec	15	1600	6.02	0
Dec	15	1530	6.02	0
Dec	15	1500	6.02	0
Dec	15	1430	6.01	0
Dec	15	1400	6.01	0
Dec	15	1330	6.02	0
Dec	15	1300	6.01	0
Dec	15	1230	6.01	0
Dec	15	1200	6.01	0
Dec	15	1130	6.01	0
Dec	15	1100	6.01	0
Dec	15	1030	6.02	0
Dec	15	1000	6.03	0
Dec	15	930	6.03	0
Dec	15	900	6.01	0
Dec	15	830	6.01	0
Dec	15	800	6.01	0
Dec	15	730	6.01	0
Dec	15	700	6.02	0
Dec	15	630	6.02	0
Dec	15	600	6.02	0
Dec	15	530	6.03	0
Dec	15	500	6.02	0
Dec	15	430	6.02	0
Dec	15	400	6.02	0
Dec	15	330	6.02	0
Dec	15	300	6.03	0
Dec	15	230	6.02	0
Dec	15	200	6.02	0
Dec	15	130	6.01	0
Dec	15	100	6.01	0
Dec	15	30	6.03	0
Dec	15	0	6.02	0
Dec	14	2330	6.02	0
Dec	14	2300	6.01	0
Dec	14	2230	6.02	0
Dec	14	2200	6.02	0
Dec	14	2130	6.02	0
Dec	14	2100	6.02	0
Dec	14	2030	6.02	0
Dec	14	2000	6.02	0
Dec	14	1930	6.02	0
Dec	14	1900	6.03	0
Dec	14	1830	6.04	0
Dec	14	1800	6.05	0
Dec	14	1730	6.03	0
Dec	14	1700	6.04	0
Dec	14	1630	6.04	0
Dec	14	1600	6.04	0
Dec	14	1530	6.04	0
Dec	14	1500	6.04	0
Dec	14	1430	6.02	0
Dec	14	1400	6.02	0
Dec	14	1330	6.02	0
Dec	14	1300	6.04	0
Dec	14	1230	6.03	0
Dec	14	1200	6.04	0
Dec	14	1130	6.03	0
Dec	14	1100	6.03	0
Dec	14	1030	6.03	0
Dec	14	1000	6.03	0
Dec	14	930	6.04	0
Dec	14	900	6.04	0
Dec	14	830	6.02	0
Dec	14	800	6.03	0
Dec	14	730	6.03	0
Dec	14	700	6.02	0
Dec	14	630	6.03	0
Dec	14	600	6.03	0
Dec	14	530	6.03	0
Dec	14	500	6.03	0
Dec	14	430	6.03	0
Dec	14	400	6.03	0
Dec	14	330	6.04	0
Dec	14	300	6.04	0
Dec	14	230	6.04	0
Dec	14	200	6.04	0
Dec	14	130	6.03	0
Dec	14	100	6.04	0
Dec	14	30	6.04	0
Dec	14	0	6.04	0
Dec	13	2330	6.04	0
Dec	13	2300	6.04	0
Dec	13	2230	6.03	0
Dec	13	2200	6.04	0
Dec	13	2130	6.04	0
Dec	13	2100	6.04	0
Dec	13	2030	6.04	0
Dec	13	2000	6.02	0
Dec	13	1930	6.03	0
Dec	13	1900	6.02	0
Dec	13	1830	6.01	0
Dec	13	1800	5.99	0
Dec	13	1730	5.97	0
Dec	13	1700	5.96	0
Dec	13	1630	5.92	0
Dec	13	1600	5.89	0
Dec	13	1530	5.88	0
Dec	13	1500	5.88	0
Dec	13	1430	5.88	0
Dec	13	1400	5.87	0
Dec	13	1330	5.88	0
Dec	13	1300	5.88	0
Dec	13	1230	5.88	0
Dec	13	1200	5.88	0
Dec	13	1130	5.88	0
Dec	13	1100	5.88	0
Dec	13	1030	5.88	0
Dec	13	1000	5.88	0
Dec	13	930	5.88	0
Dec	13	900	5.88	0
Dec	13	830	5.88	0
Dec	13	800	5.87	0
Dec	13	730	5.89	0
Dec	13	700	5.88	0
Dec	13	630	5.87	0
Dec	13	600	5.87	0
Dec	13	530	5.87	0
Dec	13	500	5.87	0
Dec	13	430	5.88	0
Dec	13	400	5.88	0
Dec	13	330	5.88	0
Dec	13	300	5.88	0
Dec	13	230	5.88	0
Dec	13	200	5.88	0
Dec	13	130	5.88	0
Dec	13	100	5.88	0
Dec	13	30	5.88	0
Dec	13	0	5.87	0
Dec	12	2330	5.87	0
Dec	12	2300	5.88	0
Dec	12	2230	5.88	0
Dec	12	2200	5.88	0
Dec	12	2130	5.88	0
Dec	12	2100	5.87	0
Dec	12	2030	5.89	0
Dec	12	2000	5.88	0
Dec	12	1930	5.88	0
Dec	12	1900	5.87	0
Dec	12	1830	5.87	0
Dec	12	1800	5.87	0
Dec	12	1730	5.87	0
Dec	12	1700	5.87	0
Dec	12	1630	5.88	0
Dec	12	1600	5.88	0
Dec	12	1530	5.88	0
Dec	12	1500	5.89	0
Dec	12	1430	5.88	0
Dec	12	1400	5.88	0
Dec	12	1330	5.88	0
Dec	12	1300	5.89	0
Dec	12	1230	5.88	0
Dec	12	1200	5.88	0
Dec	12	1130	5.88	0
Dec	12	1100	5.89	0
Dec	12	1030	5.88	0
Dec	12	1000	5.89	0
Dec	12	930	5.88	0
Dec	12	900	5.88	0
Dec	12	830	5.88	0
Dec	12	800	5.88	0
Dec	12	730	5.87	0
Dec	12	700	5.88	0
Dec	12	630	5.88	0
Dec	12	600	5.88	0
Dec	12	530	5.88	0
Dec	12	500	5.87	0
Dec	12	430	5.87	0
Dec	12	400	5.88	0
Dec	12	330	5.88	0
Dec	12	300	5.87	0
Dec	12	230	5.88	0
Dec	12	200	5.88	0
Dec	12	130	5.88	0
Dec	12	100	5.88	0
Dec	12	30	5.87	0
Dec	12	0	5.87	0
Dec	11	2330	5.88	0
Dec	11	2300	5.88	0
Dec	11	2230	5.88	0
Dec	11	2200	5.86	0
Dec	11	2130	5.88	0
Dec	11	2100	5.87	0
Dec	11	2030	5.87	0
Dec	11	2000	5.87	0
Dec	11	1930	5.88	0
Dec	11	1900	5.88	0
Dec	11	1830	5.88	0
Dec	11	1800	5.88	0
Dec	11	1730	5.87	0
Dec	11	1700	5.87	0
Dec	11	1630	5.87	0
Dec	11	1600	5.87	0
Dec	11	1530	5.87	0
Dec	11	1500	5.86	0
Dec	11	1430	5.87	0
Dec	11	1400	5.87	0
Dec	11	1330	5.87	0
Dec	11	1300	5.87	0
Dec	11	1230	5.87	0
Dec	11	1200	5.86	0
Dec	11	1130	5.87	0
Dec	11	1100	5.87	0
Dec	11	1030	5.88	0
Dec	11	1000	5.87	0
Dec	11	930	5.88	0
Dec	11	900	5.88	0
Dec	11	830	5.87	0
Dec	11	800	5.88	0
Dec	11	730	5.88	0
Dec	11	700	5.88	0
Dec	11	630	5.87	0
Dec	11	600	5.88	0
Dec	11	530	5.87	0
Dec	11	500	5.87	0
Dec	11	430	5.87	0
Dec	11	400	5.86	0
Dec	11	330	5.87	0
Dec	11	300	5.87	0
Dec	11	230	5.87	0
Dec	11	200	5.88	0
Dec	11	130	5.87	0
Dec	11	100	5.87	0
Dec	11	30	5.86	0
Dec	11	0	5.87	0
Dec	10	2330	5.88	0
Dec	10	2300	5.87	0
Dec	10	2230	5.87	0
Dec	10	2200	5.88	0
Dec	10	2130	5.87	0
Dec	10	2100	5.87	0
Dec	10	2030	5.88	0
Dec	10	2000	5.88	0
Dec	10	1930	5.87	0
Dec	10	1900	5.87	0
Dec	10	1830	5.87	0
Dec	10	1800	5.87	0
Dec	10	1730	5.87	0
Dec	10	1700	5.87	0
Dec	10	1630	5.87	0
Dec	10	1600	5.87	0
Dec	10	1530	5.88	0
Dec	10	1500	5.87	0
Dec	10	1430	5.87	0
Dec	10	1400	5.87	0
Dec	10	1330	5.87	0
Dec	10	1300	5.87	0
Dec	10	1230	5.87	0
Dec	10	1200	5.87	0
Dec	10	1130	5.87	0
Dec	10	1100	5.88	0
Dec	10	1030	5.88	0
Dec	10	1000	5.88	0
Dec	10	930	5.88	0
Dec	10	900	5.88	0
Dec	10	830	5.88	0
Dec	10	800	5.87	0
Dec	10	730	5.88	0
Dec	10	700	5.88	0
Dec	10	630	5.86	0
Dec	10	600	5.86	0
Dec	10	530	5.86	0
Dec	10	500	5.86	0
Dec	10	430	5.86	0
Dec	10	400	5.88	0
Dec	10	330	5.88	0
Dec	10	300	5.88	0
Dec	10	230	5.88	0
Dec	10	200	5.88	0
Dec	10	130	5.88	0
Dec	10	100	5.88	0
Dec	10	30	5.88	0
Dec	10	0	5.88	0
Dec	9	2330	5.88	0
Dec	9	2300	5.89	0
Dec	9	2230	5.89	0
Dec	9	2200	5.89	0
Dec	9	2130	5.88	0
Dec	9	2100	5.89	0
Dec	9	2030	5.88	0
Dec	9	2000	5.87	0
Dec	9	1930	5.88	0
Dec	9	1900	5.88	0
Dec	9	1830	5.88	0
Dec	9	1800	5.88	0
Dec	9	1730	5.88	0
Dec	9	1700	5.88	0
Dec	9	1630	5.88	0
Dec	9	1600	5.88	0
Dec	9	1530	5.88	0
Dec	9	1500	5.88	0
Dec	9	1430	5.88	0
Dec	9	1400	5.88	0
Dec	9	1330	5.87	0
Dec	9	1300	5.88	0
Dec	9	1230	5.87	0
Dec	9	1200	5.87	0
Dec	9	1130	5.88	0
Dec	9	1100	5.89	0
Dec	9	1030	5.89	0
Dec	9	1000	5.89	0
Dec	9	930	5.89	0
Dec	9	900	5.89	0
Dec	9	830	5.89	0
Dec	9	800	5.89	0
Dec	9	730	5.89	0
Dec	9	700	5.88	0
Dec	9	630	5.88	0
Dec	9	600	5.87	0
Dec	9	530	5.87	0
Dec	9	500	5.88	0
Dec	9	430	5.88	0
Dec	9	400	5.88	0
Dec	9	330	5.88	0
Dec	9	300	5.87	0
Dec	9	230	5.88	0
Dec	9	200	5.88	0
Dec	9	130	5.88	0
Dec	9	100	5.88	0
Dec	9	30	5.89	0
Dec	9	0	5.88	0
Dec	8	2330	5.88	0
Dec	8	2300	5.88	0
Dec	8	2230	5.88	0
Dec	8	2200	5.88	0
Dec	8	2130	5.88	0
Dec	8	2100	5.88	0
Dec	8	2030	5.88	0
Dec	8	2000	5.88	0
Dec	8	1930	5.88	0
Dec	8	1900	5.88	0
Dec	8	1830	5.89	0
Dec	8	1800	5.89	0
Dec	8	1730	5.89	0
Dec	8	1700	5.89	0
Dec	8	1630	5.89	0
Dec	8	1600	5.87	0
Dec	8	1530	5.87	0
Dec	8	1500	5.89	0
Dec	8	1430	5.88	0
Dec	8	1400	5.87	0
Dec	8	1330	5.88	0
Dec	8	1300	5.88	0
Dec	8	1230	5.88	0
Dec	8	1200	5.88	0
Dec	8	1130	5.88	0
Dec	8	1100	5.88	0
Dec	8	1030	5.88	0
Dec	8	1000	5.88	0
Dec	8	930	5.88	0
Dec	8	900	5.89	0
Dec	8	830	5.89	0
Dec	8	800	5.89	0
Dec	8	730	5.88	0
Dec	8	700	5.89	0
Dec	8	630	5.89	0
Dec	8	600	5.88	0
Dec	8	530	5.88	0
Dec	8	500	5.89	0
Dec	8	430	5.89	0
Dec	8	400	5.9	0
Dec	8	330	5.88	0
Dec	8	300	5.89	0
Dec	8	230	5.89	0
Dec	8	200	5.89	0
Dec	8	130	5.88	0
Dec	8	100	5.9	0
Dec	8	30	5.89	0
Dec	8	0	5.89	0
Dec	7	2330	5.89	0
Dec	7	2300	5.89	0
Dec	7	2230	5.89	0
Dec	7	2200	5.88	0
Dec	7	2130	5.89	0
Dec	7	2100	5.9	0
Dec	7	2030	5.89	0
Dec	7	2000	5.89	0
Dec	7	1930	5.9	0
Dec	7	1900	5.89	0
Dec	7	1830	5.88	0
Dec	7	1800	5.88	0
Dec	7	1730	5.87	0
Dec	7	1700	5.85	0
Dec	7	1630	5.85	0
Dec	7	1600	5.82	0
Dec	7	1530	5.8	0
Dec	7	1500	5.76	0
Dec	7	1430	5.76	0
Dec	7	1400	5.77	0
Dec	7	1330	5.77	0
Dec	7	1300	5.76	0
Dec	7	1230	M	M
Dec	7	1200	M	M
Dec	7	1130	M	M
Dec	7	1100	M	M
Dec	7	1030	M	M
Dec	7	1000	M	M
Dec	7	930	M	M
Dec	7	900	M	M
Dec	7	830	M	M
Dec	7	800	M	M
Dec	7	730	M	M
Dec	7	700	M	M
Dec	7	630	M	M
Dec	7	600	M	M
Dec	7	530	M	M
Dec	7	500	M	M
Dec	7	430	M	M
Dec	7	400	M	M
Dec	7	330	M	M
Dec	7	300	M	M
Dec	7	230	M	M
Dec	7	200	M	M
Dec	7	130	M	M
Dec	7	100	M	M
Dec	7	30	M	M
Dec	7	0	M	M
Dec	6	2330	M	M
Dec	6	2300	M	M
Dec	6	2230	M	M
Dec	6	2200	M	M
Dec	6	2130	M	M
Dec	6	2100	M	M
Dec	6	2030	M	M
Dec	6	2000	M	M
Dec	6	1930	M	M
Dec	6	1900	M	M
Dec	6	1830	M	M
Dec	6	1800	M	M
Dec	6	1730	M	M
Dec	6	1700	M	M
Dec	6	1630	M	M
Dec	6	1600	M	M
Dec	6	1530	M	M
Dec	6	1500	M	M
Dec	6	1430	M	M
Dec	6	1400	M	M
Dec	6	1330	M	M
Dec	6	1300	M	M
Dec	6	1230	M	M
Dec	6	1200	M	M
Dec	6	1130	M	M
Dec	6	1100	M	M
Dec	6	1030	M	M
Dec	6	1000	M	M
Dec	6	930	M	M
Dec	6	900	M	M
Dec	6	830	M	M
Dec	6	800	M	M
Dec	6	730	M	M
Dec	6	700	M	M
Dec	6	630	M	M
Dec	6	600	M	M
Dec	6	530	M	M
Dec	6	500	M	M
Dec	6	430	M	M
Dec	6	400	M	M
Dec	6	330	M	M
Dec	6	300	M	M
Dec	6	230	M	M
Dec	6	200	M	M
Dec	6	130	M	M
Dec	6	100	M	M
Dec	6	30	M	M
Dec	6	0	M	M
Dec	5	2330	M	M
Dec	5	2300	M	M
Dec	5	2230	M	M
Dec	5	2200	M	M
Dec	5	2130	M	M
Dec	5	2100	M	M
Dec	5	2030	M	M
Dec	5	2000	M	M
Dec	5	1930	M	M
Dec	5	1900	M	M
Dec	5	1830	5.76	0
Dec	5	1800	5.76	0
Dec	5	1730	5.76	0
Dec	5	1700	5.76	0
Dec	5	1630	5.75	0
Dec	5	1600	5.75	0
Dec	5	1530	5.75	0
Dec	5	1500	5.76	0
Dec	5	1430	5.76	0
Dec	5	1400	5.76	0
Dec	5	1330	5.76	0
Dec	5	1300	5.74	0
Dec	5	1230	5.74	0
Dec	5	1200	5.75	0
Dec	5	1130	5.76	0
Dec	5	1100	5.75	0
Dec	5	1030	5.75	0
Dec	5	1000	5.75	0
Dec	5	930	5.75	0
Dec	5	900	5.76	0
Dec	5	830	5.75	0
Dec	5	800	5.75	0
Dec	5	730	5.75	0
Dec	5	700	5.75	0
Dec	5	630	5.75	0
Dec	5	600	5.75	0
Dec	5	530	5.76	0
Dec	5	500	5.75	0
Dec	5	430	5.76	0
Dec	5	400	5.75	0
Dec	5	330	5.75	0
Dec	5	300	5.75	0
Dec	5	230	5.75	0
Dec	5	200	5.75	0
Dec	5	130	5.75	0
Dec	5	100	5.75	0
Dec	5	30	5.75	0
Dec	5	0	5.75	0
Dec	4	2330	5.75	0
Dec	4	2300	5.75	0
Dec	4	2230	5.75	0
Dec	4	2200	5.75	0
Dec	4	2130	5.76	0
Dec	4	2100	5.75	0
Dec	4	2030	5.75	0
Dec	4	2000	5.75	0
Dec	4	1930	5.75	0
Dec	4	1900	5.75	0
Dec	4	1830	5.75	0
Dec	4	1800	5.75	0
Dec	4	1730	5.76	0
Dec	4	1700	5.75	0
Dec	4	1630	5.75	0
Dec	4	1600	5.75	0
Dec	4	1530	5.75	0
Dec	4	1500	5.75	0
Dec	4	1430	5.75	0
Dec	4	1400	5.75	0
Dec	4	1330	5.75	0
Dec	4	1300	5.75	0
Dec	4	1230	5.76	0
Dec	4	1200	5.76	0
Dec	4	1130	5.76	0
Dec	4	1100	5.76	0
Dec	4	1030	5.75	0
Dec	4	1000	5.75	0
Dec	4	930	5.75	0
Dec	4	900	5.75	0
Dec	4	830	5.75	0
Dec	4	800	5.75	0
Dec	4	730	5.75	0
Dec	4	700	5.75	0
Dec	4	630	5.75	0
Dec	4	600	5.75	0
Dec	4	530	5.75	0
Dec	4	500	5.76	0
Dec	4	430	5.74	0
Dec	4	400	5.76	0
Dec	4	330	5.75	0
Dec	4	300	5.75	0
Dec	4	230	5.75	0
Dec	4	200	5.75	0
Dec	4	130	5.75	0
Dec	4	100	5.75	0
Dec	4	30	5.75	0
Dec	4	0	5.75	0
Dec	3	2330	5.75	0
Dec	3	2300	5.75	0
Dec	3	2230	5.76	0
Dec	3	2200	5.75	0
Dec	3	2130	5.75	0
Dec	3	2100	5.75	0
Dec	3	2030	5.76	0
Dec	3	2000	5.75	0
Dec	3	1930	5.74	0
Dec	3	1900	5.76	0
Dec	3	1830	5.74	0
Dec	3	1800	5.75	0
Dec	3	1730	5.75	0
Dec	3	1700	5.75	0
Dec	3	1630	5.75	0
Dec	3	1600	5.75	0
Dec	3	1530	5.75	0
Dec	3	1500	5.75	0
Dec	3	1430	5.75	0
Dec	3	1400	5.75	0
Dec	3	1330	5.76	0
Dec	3	1300	5.75	0
Dec	3	1230	5.75	0
Dec	3	1200	5.75	0
Dec	3	1130	5.75	0
Dec	3	1100	5.75	0
Dec	3	1030	5.74	0
Dec	3	1000	5.74	0
Dec	3	930	5.75	0
Dec	3	900	5.75	0
Dec	3	830	5.75	0
Dec	3	800	5.75	0
Dec	3	730	5.74	0
Dec	3	700	5.75	0
Dec	3	630	5.75	0
Dec	3	600	5.75	0
Dec	3	530	5.75	0
Dec	3	500	5.75	0
Dec	3	430	5.75	0
Dec	3	400	5.75	0
Dec	3	330	5.74	0
Dec	3	300	5.75	0
Dec	3	230	5.75	0
Dec	3	200	5.75	0
Dec	3	130	5.75	0
Dec	3	100	5.75	0
Dec	3	30	5.75	0
Dec	3	0	5.76	0
Dec	2	2330	5.75	0
Dec	2	2300	5.75	0
Dec	2	2230	5.75	0
Dec	2	2200	5.75	0
Dec	2	2130	5.75	0
Dec	2	2100	5.75	0
Dec	2	2030	5.74	0
Dec	2	2000	5.75	0
Dec	2	1930	5.75	0
Dec	2	1900	5.74	0
Dec	2	1830	5.75	0
Dec	2	1800	5.75	0
Dec	2	1730	5.75	0
Dec	2	1700	5.75	0
Dec	2	1630	5.74	0
Dec	2	1600	5.75	0
Dec	2	1530	5.75	0
Dec	2	1500	5.75	0
Dec	2	1430	5.74	0
Dec	2	1400	5.74	0
Dec	2	1330	5.74	0
Dec	2	1300	5.75	0
Dec	2	1230	5.75	0
Dec	2	1200	5.74	0
Dec	2	1130	5.74	0
Dec	2	1100	5.75	0
Dec	2	1030	5.74	0
Dec	2	1000	5.74	0
Dec	2	930	5.75	0
Dec	2	900	5.74	0
Dec	2	830	5.74	0
Dec	2	800	5.75	0
Dec	2	730	5.74	0
Dec	2	700	5.75	0
Dec	2	630	5.74	0
Dec	2	600	5.74	0
Dec	2	530	5.74	0
Dec	2	500	5.75	0
Dec	2	430	5.75	0
Dec	2	400	5.75	0
Dec	2	330	5.75	0
Dec	2	300	5.75	0
Dec	2	230	5.75	0
Dec	2	200	5.74	0
Dec	2	130	5.75	0
Dec	2	100	5.74	0
Dec	2	30	5.74	0
Dec	2	0	5.75	0
Dec	1	2330	5.75	0
Dec	1	2300	5.75	0
Dec	1	2230	5.75	0
Dec	1	2200	5.74	0
Dec	1	2130	5.75	0
Dec	1	2100	5.74	0
Dec	1	2030	5.75	0
Dec	1	2000	5.75	0
Dec	1	1930	5.75	0
Dec	1	1900	5.75	0
Dec	1	1830	5.75	0
Dec	1	1800	5.74	0
Dec	1	1730	5.75	0
Dec	1	1700	5.75	0
Dec	1	1630	5.76	0
Dec	1	1600	5.77	0
Dec	1	1530	5.78	0
Dec	1	1500	5.79	0
Dec	1	1430	5.81	0
Dec	1	1400	5.81	0
Dec	1	1330	5.82	0
Dec	1	1300	5.83	0
Dec	1	1230	5.83	0
Dec	1	1200	5.83	0
Dec	1	1130	5.84	0
Dec	1	1100	5.84	0
Dec	1	1030	5.84	0
Dec	1	1000	5.82	0
Dec	1	930	5.83	0
Dec	1	900	5.83	0
Dec	1	830	5.83	0
Dec	1	800	5.83	0
Dec	1	730	5.83	0
Dec	1	700	5.83	0
Dec	1	630	5.83	0
Dec	1	600	5.82	0
Dec	1	530	5.83	0
Dec	1	500	5.83	0
Dec	1	430	5.84	0
Dec	1	400	5.84	0
Dec	1	330	5.84	0
Dec	1	300	5.84	0
Dec	1	230	5.83	0
Dec	1	200	5.83	0
Dec	1	130	5.83	0
Dec	1	100	5.82	0
Dec	1	30	5.82	0
Dec	1	0	5.82	0
Nov	30	2330	5.82	0
Nov	30	2300	5.83	0
Nov	30	2230	5.83	0
Nov	30	2200	5.83	0
Nov	30	2130	5.83	0
Nov	30	2100	5.83	0
Nov	30	2030	5.83	0
Nov	30	2000	5.83	0
Nov	30	1930	5.83	0
Nov	30	1900	5.83	0
Nov	30	1830	5.83	0
Nov	30	1800	5.83	0
Nov	30	1730	5.84	0
Nov	30	1700	5.84	0
Nov	30	1630	5.84	0
Nov	30	1600	5.85	0
Nov	30	1530	5.86	0
Nov	30	1500	5.88	0
Nov	30	1430	5.89	0
Nov	30	1400	5.9	0
Nov	30	1330	5.91	0
Nov	30	1300	5.91	0
Nov	30	1230	5.9	0
Nov	30	1200	5.91	0
Nov	30	1130	5.91	0
Nov	30	1100	5.91	0
Nov	30	1030	5.91	0
Nov	30	1000	5.91	0
Nov	30	930	5.9	0
Nov	30	900	5.9	0
Nov	30	830	5.9	0
Nov	30	800	5.9	0
Nov	30	730	5.92	0
Nov	30	700	5.92	0
Nov	30	630	5.92	0
Nov	30	600	5.92	0
Nov	30	530	5.91	0
Nov	30	500	5.91	0
Nov	30	430	5.91	0
Nov	30	400	5.93	0
Nov	30	330	5.92	0
Nov	30	300	5.92	0
Nov	30	230	5.92	0
Nov	30	200	5.92	0
Nov	30	130	5.92	0
Nov	30	100	5.92	0
Nov	30	30	5.92	0
Nov	30	0	5.92	0
Nov	29	2330	5.92	0
Nov	29	2300	5.92	0
Nov	29	2230	5.92	0
Nov	29	2200	5.92	0
Nov	29	2130	5.92	0
Nov	29	2100	5.92	0
Nov	29	2030	5.91	0
Nov	29	2000	5.89	0
Nov	29	1930	5.89	0
Nov	29	1900	5.87	0
Nov	29	1830	5.87	0
Nov	29	1800	5.86	0
Nov	29	1730	5.83	0
Nov	29	1700	5.83	0
Nov	29	1630	5.82	0
Nov	29	1600	5.82	0
Nov	29	1530	5.82	0
Nov	29	1500	5.82	0
Nov	29	1430	5.82	0
Nov	29	1400	5.82	0
Nov	29	1330	5.82	0
Nov	29	1300	5.82	0
Nov	29	1230	5.82	0
Nov	29	1200	5.81	0
Nov	29	1130	5.81	0
Nov	29	1100	5.82	0
Nov	29	1030	5.82	0
Nov	29	1000	5.81	0
Nov	29	930	5.81	0
Nov	29	900	5.81	0
Nov	29	830	5.81	0
Nov	29	800	5.81	0
Nov	29	730	5.82	0
Nov	29	700	5.82	0
Nov	29	630	5.82	0
Nov	29	600	5.81	0
Nov	29	530	5.82	0
Nov	29	500	5.82	0
Nov	29	430	5.82	0
Nov	29	400	5.82	0
Nov	29	330	5.82	0
Nov	29	300	5.81	0
Nov	29	230	5.81	0
Nov	29	200	5.82	0
Nov	29	130	5.82	0
Nov	29	100	5.81	0
Nov	29	30	5.8	0
Nov	29	0	5.81	0
Nov	28	2330	5.81	0
Nov	28	2300	5.82	0
Nov	28	2230	5.8	0
Nov	28	2200	5.8	0
Nov	28	2130	5.79	0
Nov	28	2100	5.78	0
Nov	28	2030	5.77	0
Nov	28	2000	5.78	0
Nov	28	1930	5.76	0
Nov	28	1900	5.77	0
Nov	28	1830	5.77	0
Nov	28	1800	5.77	0
Nov	28	1730	5.77	0
Nov	28	1700	5.78	0
Nov	28	1630	5.78	0
Nov	28	1600	5.78	0
Nov	28	1530	5.77	0
Nov	28	1500	5.77	0
Nov	28	1430	5.77	0
Nov	28	1400	5.78	0
Nov	28	1330	5.78	0
Nov	28	1300	5.77	0
Nov	28	1230	5.77	0
Nov	28	1200	5.77	0
Nov	28	1130	5.78	0
Nov	28	1100	5.77	0
Nov	28	1030	5.78	0
Nov	28	1000	5.77	0
Nov	28	930	5.77	0
Nov	28	900	5.77	0
Nov	28	830	5.78	0
Nov	28	800	5.78	0
Nov	28	730	5.77	0
Nov	28	700	5.77	0
Nov	28	630	5.77	0
Nov	28	600	5.78	0
Nov	28	530	5.77	0
Nov	28	500	5.77	0
Nov	28	430	5.77	0
Nov	28	400	5.77	0
Nov	28	330	5.78	0
Nov	28	300	5.77	0
Nov	28	230	5.77	0
Nov	28	200	5.77	0
Nov	28	130	5.77	0
Nov	28	100	5.77	0
Nov	28	30	5.77	0
Nov	28	0	5.76	0
Nov	27	2330	5.76	0
Nov	27	2300	5.75	0
Nov	27	2230	5.75	0
Nov	27	2200	5.74	0
Nov	27	2130	5.72	0
Nov	27	2100	5.71	0
Nov	27	2030	5.69	0
Nov	27	2000	5.69	0
Nov	27	1930	5.68	0
Nov	27	1900	5.68	0
Nov	27	1830	5.69	0
Nov	27	1800	5.69	0
Nov	27	1730	5.69	0
Nov	27	1700	5.7	0
Nov	27	1630	5.7	0
Nov	27	1600	5.7	0
Nov	27	1530	5.71	0
Nov	27	1500	5.72	0
Nov	27	1430	5.72	0
Nov	27	1400	5.72	0
Nov	27	1330	5.72	0
Nov	27	1300	5.71	0
Nov	27	1230	5.71	0
Nov	27	1200	5.72	0
Nov	27	1130	5.72	0
Nov	27	1100	5.73	0
Nov	27	1030	5.72	0
Nov	27	1000	5.73	0
Nov	27	930	5.73	0
Nov	27	900	5.73	0
Nov	27	830	5.72	0
Nov	27	800	5.72	0
Nov	27	730	5.72	0
Nov	27	700	5.72	0
Nov	27	630	5.72	0
Nov	27	600	5.72	0
Nov	27	530	5.72	0
Nov	27	500	5.72	0
Nov	27	430	5.73	0
Nov	27	400	5.73	0
Nov	27	330	5.73	0
Nov	27	300	5.72	0
Nov	27	230	5.73	0
Nov	27	200	5.73	0
Nov	27	130	5.74	0
Nov	27	100	5.73	0
Nov	27	30	5.73	0
Nov	27	0	5.73	0
Nov	26	2330	5.73	0
Nov	26	2300	5.73	0
Nov	26	2230	5.73	0
Nov	26	2200	5.73	0
Nov	26	2130	5.73	0
Nov	26	2100	5.73	0
Nov	26	2030	5.73	0
Nov	26	2000	5.73	0
Nov	26	1930	5.73	0
Nov	26	1900	5.73	0
Nov	26	1830	5.73	0
Nov	26	1800	5.73	0
Nov	26	1730	5.73	0
Nov	26	1700	5.73	0
Nov	26	1630	5.73	0
Nov	26	1600	5.72	0
Nov	26	1530	5.73	0
Nov	26	1500	5.72	0
Nov	26	1430	5.73	0
Nov	26	1400	5.72	0
Nov	26	1330	5.72	0
Nov	26	1300	5.72	0
Nov	26	1230	5.73	0
Nov	26	1200	5.73	0
Nov	26	1130	5.72	0
Nov	26	1100	5.72	0
Nov	26	1030	5.72	0
Nov	26	1000	5.72	0
Nov	26	930	5.73	0
Nov	26	900	5.72	0
Nov	26	830	5.73	0
Nov	26	800	5.73	0
Nov	26	730	5.72	0
Nov	26	700	5.73	0
Nov	26	630	5.73	0
Nov	26	600	5.72	0
Nov	26	530	5.73	0
Nov	26	500	5.72	0
Nov	26	430	5.73	0
Nov	26	400	5.73	0
Nov	26	330	5.73	0
Nov	26	300	5.72	0
Nov	26	230	5.73	0
Nov	26	200	5.73	0
Nov	26	130	5.73	0
Nov	26	100	5.73	0
Nov	26	30	5.73	0
Nov	26	0	5.73	0
Nov	25	2330	5.72	0
Nov	25	2300	5.72	0
Nov	25	2230	5.72	0
Nov	25	2200	5.72	0
Nov	25	2130	5.73	0
Nov	25	2100	5.73	0
Nov	25	2030	5.73	0
Nov	25	2000	5.73	0
Nov	25	1930	5.73	0
Nov	25	1900	5.73	0
Nov	25	1830	5.72	0
Nov	25	1800	5.72	0
Nov	25	1730	5.73	0
Nov	25	1700	5.73	0
Nov	25	1630	5.73	0
Nov	25	1600	5.73	0
Nov	25	1530	5.73	0
Nov	25	1500	5.73	0
Nov	25	1430	5.73	0
Nov	25	1400	5.73	0
Nov	25	1330	5.73	0
Nov	25	1300	5.73	2
Nov	25	1230	5.73	2
Nov	25	1200	5.73	2
Nov	25	1130	5.73	2
Nov	25	1100	5.73	2
Nov	25	1030	5.73	2
Nov	25	1000	5.74	2
Nov	25	930	5.72	2
Nov	25	900	5.72	2
Nov	25	830	5.73	2
Nov	25	800	5.72	2
Nov	25	730	5.72	2
Nov	25	700	5.72	2
Nov	25	630	5.73	2
Nov	25	600	5.73	2
Nov	25	530	5.73	2
Nov	25	500	5.72	3
Nov	25	430	5.72	2
Nov	25	400	5.73	2
Nov	25	330	5.72	3
Nov	25	300	5.72	3
Nov	25	230	5.72	2
Nov	25	200	5.72	2
Nov	25	130	5.72	2
Nov	25	100	5.73	2
Nov	25	30	5.73	2
Nov	25	0	5.73	2
Nov	24	2330	5.72	2
Nov	24	2300	5.73	2
Nov	24	2230	5.73	2
Nov	24	2200	5.73	2
Nov	24	2130	5.73	2
Nov	24	2100	5.73	2
Nov	24	2030	5.73	1
Nov	24	2000	5.73	2
Nov	24	1930	5.73	1
Nov	24	1900	5.73	1
Nov	24	1830	5.73	1
Nov	24	1800	5.73	1
Nov	24	1730	5.72	1
Nov	24	1700	5.73	1
Nov	24	1630	5.73	1
Nov	24	1600	5.73	2
Nov	24	1530	5.73	2
Nov	24	1500	5.73	2
Nov	24	1430	5.71	2
Nov	24	1400	5.73	1
Nov	24	1330	5.73	2
Nov	24	1300	5.73	2
Nov	24	1230	5.73	2
Nov	24	1200	5.73	2
Nov	24	1130	5.73	2
Nov	24	1100	5.73	2
Nov	24	1030	5.73	2
Nov	24	1000	5.72	2
Nov	24	930	5.72	2
Nov	24	900	5.72	2
Nov	24	830	5.72	2
Nov	24	800	5.73	2
Nov	24	730	5.73	2
Nov	24	700	5.72	2
Nov	24	630	5.74	2
Nov	24	600	5.73	2
Nov	24	530	5.73	2
Nov	24	500	5.73	2
Nov	24	430	5.72	2
Nov	24	400	5.73	2
Nov	24	330	5.73	2
Nov	24	300	5.73	2
Nov	24	230	5.74	2
Nov	24	200	5.73	2
Nov	24	130	5.73	2
Nov	24	100	5.73	2
Nov	24	30	5.73	2
Nov	24	0	5.73	2
Nov	23	2330	5.73	2
Nov	23	2300	5.73	2
Nov	23	2230	5.73	1
Nov	23	2200	5.73	2
Nov	23	2130	5.73	2
Nov	23	2100	5.73	1
Nov	23	2030	5.73	1
Nov	23	2000	5.73	1
Nov	23	1930	5.74	1
Nov	23	1900	5.74	1
Nov	23	1830	5.73	1
Nov	23	1800	5.73	1
Nov	23	1730	5.73	1
Nov	23	1700	5.73	1
Nov	23	1630	5.73	1
Nov	23	1600	5.73	2
Nov	23	1530	5.73	2
Nov	23	1500	5.73	1
Nov	23	1430	5.73	1
Nov	23	1400	5.72	2
Nov	23	1330	5.73	2
Nov	23	1300	5.72	2
Nov	23	1230	5.72	2
Nov	23	1200	5.72	2
Nov	23	1130	5.72	2
Nov	23	1100	5.72	2
Nov	23	1030	5.73	2
Nov	23	1000	5.73	2
Nov	23	930	5.72	2
Nov	23	900	5.72	2
Nov	23	830	5.72	2
Nov	23	800	5.72	2
Nov	23	730	5.73	2
Nov	23	700	5.72	2
Nov	23	630	5.72	2
Nov	23	600	5.73	2
Nov	23	530	5.73	2
Nov	23	500	5.73	2
Nov	23	430	5.73	2
Nov	23	400	5.73	2
Nov	23	330	5.73	1
Nov	23	300	5.73	2
Nov	23	230	5.73	1
Nov	23	200	5.73	1
Nov	23	130	5.73	2
Nov	23	100	5.73	2
Nov	23	30	5.73	1
Nov	23	0	5.73	1
Nov	22	2330	5.73	1
Nov	22	2300	5.73	1
Nov	22	2230	5.73	1
Nov	22	2200	5.73	2
Nov	22	2130	5.73	1
Nov	22	2100	5.73	2
Nov	22	2030	5.73	1
Nov	22	2000	5.73	1
Nov	22	1930	5.73	1
Nov	22	1900	5.73	1
Nov	22	1830	5.74	1
Nov	22	1800	5.73	1
Nov	22	1730	5.73	1
Nov	22	1700	5.74	1
Nov	22	1630	5.73	2
Nov	22	1600	5.74	1
Nov	22	1530	5.74	1
Nov	22	1500	5.73	1
Nov	22	1430	5.73	1
Nov	22	1400	5.73	1
Nov	22	1330	5.73	2
Nov	22	1300	5.73	1
Nov	22	1230	5.73	1
Nov	22	1200	5.73	2
Nov	22	1130	5.73	1
Nov	22	1100	5.73	2
Nov	22	1030	5.73	2
Nov	22	1000	5.73	2
Nov	22	930	5.73	2
Nov	22	900	5.73	2
Nov	22	830	5.73	2
Nov	22	800	5.72	2
Nov	22	730	5.73	1
Nov	22	700	5.72	2
Nov	22	630	5.73	2
Nov	22	600	5.73	2
Nov	22	530	5.73	2
Nov	22	500	5.74	2
Nov	22	430	5.74	2
Nov	22	400	5.74	1
Nov	22	330	5.74	2
Nov	22	300	5.74	2
Nov	22	230	5.74	1
Nov	22	200	5.74	1
Nov	22	130	5.74	2
Nov	22	100	5.74	2
Nov	22	30	5.74	2
Nov	22	0	5.74	1
Nov	21	2330	5.74	2
Nov	21	2300	5.74	1
Nov	21	2230	5.74	1
Nov	21	2200	5.74	1
Nov	21	2130	5.74	1
Nov	21	2100	5.74	1
Nov	21	2030	5.73	1
Nov	21	2000	5.73	1
Nov	21	1930	5.73	1
Nov	21	1900	5.73	1
Nov	21	1830	5.74	1
Nov	21	1800	5.74	1
Nov	21	1730	5.75	1
Nov	21	1700	5.75	1
Nov	21	1630	5.74	1
Nov	21	1600	5.73	1
Nov	21	1530	5.74	1
Nov	21	1500	5.73	1
Nov	21	1430	5.73	1
Nov	21	1400	5.73	1
Nov	21	1330	5.73	2
Nov	21	1300	5.73	2
Nov	21	1230	5.73	2
Nov	21	1200	5.73	1
Nov	21	1130	5.73	2
Nov	21	1100	5.73	2
Nov	21	1030	5.74	2
Nov	21	1000	5.74	2
Nov	21	930	5.74	1
Nov	21	900	5.74	2
Nov	21	830	5.74	2
Nov	21	800	5.74	1
Nov	21	730	5.74	1
Nov	21	700	5.73	1
Nov	21	630	5.73	1
Nov	21	600	5.73	2
Nov	21	530	5.74	1
Nov	21	500	5.74	1
Nov	21	430	5.74	2
Nov	21	400	5.74	1
Nov	21	330	5.74	2
Nov	21	300	5.74	M
Nov	21	230	5.73	1
Nov	21	200	5.74	2
Nov	21	130	5.74	1
Nov	21	100	5.74	1
Nov	21	30	5.74	2
Nov	21	0	5.74	1
Nov	20	2330	5.74	1
Nov	20	2300	5.74	1
Nov	20	2230	5.74	1
Nov	20	2200	5.74	1
Nov	20	2130	5.74	1
Nov	20	2100	5.73	1
Nov	20	2030	5.74	1
Nov	20	2000	5.74	1
Nov	20	1930	5.74	1
Nov	20	1900	5.74	1
Nov	20	1830	5.74	0
Nov	20	1800	5.75	1
Nov	20	1730	5.75	1
Nov	20	1700	5.75	1
Nov	20	1630	5.76	1
Nov	20	1600	5.77	1
Nov	20	1530	5.77	1
Nov	20	1500	5.78	1
Nov	20	1430	5.81	1
Nov	20	1400	5.81	2
Nov	20	1330	5.81	1
Nov	20	1300	5.8	1
Nov	20	1230	5.81	1
Nov	20	1200	5.81	2
Nov	20	1130	5.81	1
Nov	20	1100	5.81	1
Nov	20	1030	5.81	2
Nov	20	1000	5.8	2
Nov	20	930	5.8	1
Nov	20	900	5.8	2
Nov	20	830	5.8	2
Nov	20	800	5.81	1
Nov	20	730	5.81	2
Nov	20	700	5.81	2
Nov	20	630	5.8	1
Nov	20	600	5.8	1
Nov	20	530	5.8	1
Nov	20	500	5.8	1
Nov	20	430	5.8	2
Nov	20	400	5.8	2
Nov	20	330	5.81	1
Nov	20	300	5.81	2
Nov	20	230	5.81	2
Nov	20	200	5.8	1
Nov	20	130	5.81	2
Nov	20	100	5.81	2
Nov	20	30	5.81	2
Nov	20	0	5.81	2
Nov	19	2330	5.8	1
Nov	19	2300	5.81	2
Nov	19	2230	5.81	1
Nov	19	2200	5.81	2
Nov	19	2130	5.81	1
Nov	19	2100	5.81	1
Nov	19	2030	5.81	2
Nov	19	2000	5.81	1
Nov	19	1930	5.81	1
Nov	19	1900	5.81	1
Nov	19	1830	5.81	0
Nov	19	1800	5.82	1
Nov	19	1730	5.82	1
Nov	19	1700	5.81	1
Nov	19	1630	5.81	1
Nov	19	1600	5.81	1
Nov	19	1530	5.81	1
Nov	19	1500	5.81	1
Nov	19	1430	5.81	2
Nov	19	1400	5.81	2
Nov	19	1330	5.82	1
Nov	19	1300	5.82	1
Nov	19	1230	5.82	2
Nov	19	1200	5.82	2
Nov	19	1130	5.81	2
Nov	19	1100	5.81	2
Nov	19	1030	5.82	1
Nov	19	1000	5.82	2
Nov	19	930	5.81	2
Nov	19	900	5.81	2
Nov	19	830	5.82	2
Nov	19	800	5.81	2
Nov	19	730	5.81	2
Nov	19	700	5.82	2
Nov	19	630	5.82	2
Nov	19	600	5.82	2
Nov	19	530	5.83	1
Nov	19	500	5.82	2
Nov	19	430	5.81	2
Nov	19	400	5.84	1
Nov	19	330	5.82	2
Nov	19	300	5.82	2
Nov	19	230	5.82	1
Nov	19	200	5.82	2
Nov	19	130	5.82	2
Nov	19	100	5.82	2
Nov	19	30	5.82	1
Nov	19	0	5.82	2
Nov	18	2330	5.82	2
Nov	18	2300	5.82	2
Nov	18	2230	5.82	1
Nov	18	2200	5.82	2
Nov	18	2130	5.81	1
Nov	18	2100	5.8	1
Nov	18	2030	5.78	1
Nov	18	2000	5.77	1
Nov	18	1930	5.74	1
Nov	18	1900	5.7	1
Nov	18	1830	5.65	1
Nov	18	1800	5.56	1
Nov	18	1730	5.41	1
Nov	18	1700	5.39	1
Nov	18	1630	5.48	1
Nov	18	1600	5.59	2
Nov	18	1530	5.69	2
Nov	18	1500	5.77	1
Nov	18	1430	5.82	1
Nov	18	1400	5.83	2
Nov	18	1330	5.83	2
Nov	18	1300	5.83	2
Nov	18	1230	5.82	1
Nov	18	1200	5.83	2
Nov	18	1130	5.84	1
Nov	18	1100	5.83	2
Nov	18	1030	5.84	2
Nov	18	1000	5.83	2
Nov	18	930	5.82	2
Nov	18	900	5.84	2
Nov	18	830	5.83	2
Nov	18	800	5.83	2
Nov	18	730	5.83	2
Nov	18	700	5.83	2
Nov	18	630	5.84	2
Nov	18	600	5.84	2
Nov	18	530	5.83	2
Nov	18	500	5.84	2
Nov	18	430	5.83	2
Nov	18	400	5.83	2
Nov	18	330	5.82	2
Nov	18	300	5.83	2
Nov	18	230	5.83	2
Nov	18	200	5.83	1
Nov	18	130	5.84	1
Nov	18	100	5.84	2
Nov	18	30	5.84	2
Nov	18	0	5.84	2
Nov	17	2330	5.84	2
Nov	17	2300	5.84	2
Nov	17	2230	5.84	1
Nov	17	2200	5.84	1
Nov	17	2130	5.84	2
Nov	17	2100	5.84	1
Nov	17	2030	5.85	1
Nov	17	2000	5.84	1
Nov	17	1930	5.84	1
Nov	17	1900	5.85	2
Nov	17	1830	5.84	1
Nov	17	1800	5.84	1
Nov	17	1730	5.84	1
Nov	17	1700	5.82	1
Nov	17	1630	5.82	2
Nov	17	1600	5.8	2
Nov	17	1530	5.78	2
Nov	17	1500	5.76	2
Nov	17	1430	5.75	2
Nov	17	1400	5.75	2
Nov	17	1330	5.75	2
Nov	17	1300	5.75	2
Nov	17	1230	5.75	2
Nov	17	1200	5.75	2
Nov	17	1130	5.74	2
Nov	17	1100	5.75	2
Nov	17	1030	5.75	1
Nov	17	1000	5.75	2
Nov	17	930	5.75	2
Nov	17	900	5.75	2
Nov	17	830	5.76	2
Nov	17	800	5.75	2
Nov	17	730	5.75	2
Nov	17	700	5.75	2
Nov	17	630	5.76	2
Nov	17	600	5.77	1
Nov	17	530	5.75	2
Nov	17	500	5.76	2
Nov	17	430	5.75	2
Nov	17	400	5.76	2
Nov	17	330	5.76	2
Nov	17	300	5.75	2
Nov	17	230	5.75	2
Nov	17	200	5.75	2
Nov	17	130	5.76	1
Nov	17	100	5.76	2
Nov	17	30	5.76	2
Nov	17	0	5.76	2
Nov	16	2330	5.76	2
Nov	16	2300	5.76	1
Nov	16	2230	5.76	2
Nov	16	2200	5.76	2
Nov	16	2130	5.76	2
Nov	16	2100	5.76	2
Nov	16	2030	5.76	2
Nov	16	2000	5.77	2
Nov	16	1930	5.78	3
Nov	16	1900	5.77	2
Nov	16	1830	5.78	3
Nov	16	1800	5.78	3
Nov	16	1730	5.78	2
Nov	16	1700	5.78	3
Nov	16	1630	5.76	3
Nov	16	1600	5.76	3
Nov	16	1530	5.74	3
Nov	16	1500	5.72	3
Nov	16	1430	5.7	2
Nov	16	1400	5.68	3
Nov	16	1330	5.66	3
Nov	16	1300	5.66	7
Nov	16	1230	5.67	8
Nov	16	1200	5.66	8
Nov	16	1130	5.66	22
Nov	16	1100	5.66	-18
Nov	16	1030	5.65	16
Nov	16	1000	5.47	9
Nov	16	930	5.64	11
Nov	16	900	5.64	12
Nov	16	830	5.64	25
Nov	16	800	5.61	25
Nov	16	730	5.61	25
Nov	16	700	5.62	25
Nov	16	630	5.61	25
Nov	16	600	5.62	25
Nov	16	530	5.61	25
Nov	16	500	5.62	25
Nov	16	430	5.62	25
Nov	16	400	5.61	24
Nov	16	330	5.61	25
Nov	16	300	5.62	25
Nov	16	230	5.61	24
Nov	16	200	5.61	24
Nov	16	130	5.61	24
Nov	16	100	5.61	24
Nov	16	30	5.62	25
Nov	16	0	5.62	25
Nov	15	2330	5.61	24
Nov	15	2300	5.62	24
Nov	15	2230	5.62	25
Nov	15	2200	5.61	25
Nov	15	2130	5.61	24
Nov	15	2100	5.61	25
Nov	15	2030	5.62	25
Nov	15	2000	5.61	25
Nov	15	1930	5.62	25
Nov	15	1900	5.62	25
Nov	15	1830	5.62	25
Nov	15	1800	5.62	25
Nov	15	1730	5.62	25
Nov	15	1700	5.62	24
Nov	15	1630	5.62	24
Nov	15	1600	5.62	25
Nov	15	1530	5.62	25
Nov	15	1500	5.62	25
Nov	15	1430	5.62	25
Nov	15	1400	5.61	25
Nov	15	1330	5.61	25
Nov	15	1300	5.61	24
Nov	15	1230	5.61	24
Nov	15	1200	5.6	24
Nov	15	1130	5.6	24
Nov	15	1100	5.6	24
Nov	15	1030	5.61	24
Nov	15	1000	5.6	24
Nov	15	930	5.61	24
Nov	15	900	5.61	24
Nov	15	830	5.6	24
Nov	15	800	5.6	24
Nov	15	730	5.6	24
Nov	15	700	5.6	24
Nov	15	630	5.6	25
Nov	15	600	5.6	24
Nov	15	530	5.6	23
Nov	15	500	5.6	24
Nov	15	430	5.6	24
Nov	15	400	5.6	24
Nov	15	330	5.6	24
Nov	15	300	5.59	24
Nov	15	230	5.59	24
Nov	15	200	5.6	24
Nov	15	130	5.6	24
Nov	15	100	5.6	24
Nov	15	30	5.6	24
Nov	15	0	5.6	23
Nov	14	2330	5.6	24
Nov	14	2300	5.61	24
Nov	14	2230	5.6	24
Nov	14	2200	5.6	24
Nov	14	2130	5.61	24
Nov	14	2100	5.6	24
Nov	14	2030	5.6	24
Nov	14	2000	5.61	24
Nov	14	1930	5.6	24
Nov	14	1900	5.6	23
Nov	14	1830	5.6	24
Nov	14	1800	5.6	24
Nov	14	1730	5.61	24
Nov	14	1700	5.6	23
Nov	14	1630	5.61	23
Nov	14	1600	5.6	24
Nov	14	1530	5.6	23
Nov	14	1500	5.6	23
Nov	14	1430	5.61	23
Nov	14	1400	5.6	23
Nov	14	1330	5.6	23
Nov	14	1300	5.61	24
Nov	14	1230	5.6	24
Nov	14	1200	5.6	23
Nov	14	1130	5.6	24
Nov	14	1100	5.6	24
Nov	14	1030	5.61	24
Nov	14	1000	5.6	24
Nov	14	930	5.6	24
Nov	14	900	5.6	24
Nov	14	830	5.6	24
Nov	14	800	5.6	24
Nov	14	730	5.6	24
Nov	14	700	5.59	24
Nov	14	630	5.59	23
Nov	14	600	5.59	23
Nov	14	530	5.6	24
Nov	14	500	5.6	24
Nov	14	430	5.6	24
Nov	14	400	5.6	24
Nov	14	330	5.6	24
Nov	14	300	5.6	24
Nov	14	230	5.6	24
Nov	14	200	5.61	24
Nov	14	130	5.61	24
Nov	14	100	5.61	25
Nov	14	30	5.61	24
Nov	14	0	5.61	24
Nov	13	2330	5.61	24
Nov	13	2300	5.61	24
Nov	13	2230	5.61	24
Nov	13	2200	5.61	24
Nov	13	2130	5.62	24
Nov	13	2100	5.6	24
Nov	13	2030	5.61	24
Nov	13	2000	5.61	24
Nov	13	1930	5.61	24
Nov	13	1900	5.6	23
Nov	13	1830	5.61	24
Nov	13	1800	5.61	23
Nov	13	1730	5.61	23
Nov	13	1700	5.61	24
Nov	13	1630	5.61	24
Nov	13	1600	5.61	23
Nov	13	1530	5.6	24
Nov	13	1500	5.61	24
Nov	13	1430	5.61	24
Nov	13	1400	5.61	23
Nov	13	1330	5.6	24
Nov	13	1300	5.61	24
Nov	13	1230	5.61	24
Nov	13	1200	5.61	24
Nov	13	1130	5.6	24
Nov	13	1100	5.6	24
Nov	13	1030	5.61	24
Nov	13	1000	5.61	24
Nov	13	930	5.61	25
Nov	13	900	5.61	24
Nov	13	830	5.6	25
Nov	13	800	5.6	25
Nov	13	730	5.61	24
Nov	13	700	5.61	25
Nov	13	630	5.61	24
Nov	13	600	5.61	25
Nov	13	530	5.62	25
Nov	13	500	5.61	25
Nov	13	430	5.62	24
Nov	13	400	5.61	25
Nov	13	330	5.62	25
Nov	13	300	5.61	24
Nov	13	230	5.61	24
Nov	13	200	5.61	25
Nov	13	130	5.61	24
Nov	13	100	5.61	24
Nov	13	30	5.61	24
Nov	13	0	5.61	24
Nov	12	2330	5.61	25
Nov	12	2300	5.61	24
Nov	12	2230	5.62	24
Nov	12	2200	5.62	24
Nov	12	2130	5.62	24
Nov	12	2100	5.61	24
Nov	12	2030	5.61	24
Nov	12	2000	5.62	25
Nov	12	1930	5.62	24
Nov	12	1900	5.62	24
Nov	12	1830	5.62	24
Nov	12	1800	5.61	24
Nov	12	1730	5.62	24
Nov	12	1700	5.62	24
Nov	12	1630	5.62	24
Nov	12	1600	5.62	24
Nov	12	1530	5.61	24
Nov	12	1500	5.62	24
Nov	12	1430	5.61	24
Nov	12	1400	5.61	24
Nov	12	1330	5.61	24
Nov	12	1300	5.61	24
Nov	12	1230	5.61	24
Nov	12	1200	5.61	24
Nov	12	1130	5.61	25
Nov	12	1100	5.6	24
Nov	12	1030	5.61	24
Nov	12	1000	5.6	24
Nov	12	930	5.61	24
Nov	12	900	5.62	24
Nov	12	830	5.61	24
Nov	12	800	5.6	24
Nov	12	730	5.6	25
Nov	12	700	5.61	24
Nov	12	630	5.61	24
Nov	12	600	5.6	24
Nov	12	530	5.61	24
Nov	12	500	5.61	24
Nov	12	430	5.61	25
Nov	12	400	5.61	24
Nov	12	330	5.61	24
Nov	12	300	5.61	24
Nov	12	230	5.61	25
Nov	12	200	5.61	24
Nov	12	130	5.61	24
Nov	12	100	5.61	25
Nov	12	30	5.62	25
Nov	12	0	5.61	24
Nov	11	2330	5.61	24
Nov	11	2300	5.61	24
Nov	11	2230	5.61	24
Nov	11	2200	5.6	24
Nov	11	2130	5.61	24
Nov	11	2100	5.61	24
Nov	11	2030	5.61	24
Nov	11	2000	5.61	23
Nov	11	1930	5.61	23
Nov	11	1900	5.6	23
Nov	11	1830	5.6	23
Nov	11	1800	5.6	24
Nov	11	1730	5.6	24
Nov	11	1700	5.61	24
Nov	11	1630	5.6	24
Nov	11	1600	5.61	24
Nov	11	1530	5.6	24
Nov	11	1500	5.6	24
Nov	11	1430	5.61	23
Nov	11	1400	5.61	24
Nov	11	1330	5.61	23
Nov	11	1300	5.61	24
Nov	11	1230	5.61	23
Nov	11	1200	5.61	24
Nov	11	1130	5.61	24
Nov	11	1100	5.6	24
Nov	11	1030	M	M
Nov	11	1000	M	M
Nov	11	930	5.61	24
Nov	11	900	5.62	24
Nov	11	830	5.61	24
Nov	11	800	5.61	25
Nov	11	730	5.6	24
Nov	11	700	5.6	24
Nov	11	630	5.6	24
Nov	11	600	5.6	24
Nov	11	530	5.6	24
Nov	11	500	5.6	23
Nov	11	430	5.6	24
Nov	11	400	5.6	24
Nov	11	330	5.61	24
Nov	11	300	5.61	24
Nov	11	230	5.6	24
Nov	11	200	5.6	24
Nov	11	130	5.6	24
Nov	11	100	5.6	24
Nov	11	30	5.6	24
Nov	11	0	5.6	24
Nov	10	2330	5.61	24
Nov	10	2300	5.61	24
Nov	10	2230	5.6	24
Nov	10	2200	5.6	24
Nov	10	2130	5.61	24
Nov	10	2100	5.61	24
Nov	10	2030	5.61	25
Nov	10	2000	5.61	26
Nov	10	1930	5.6	25
Nov	10	1900	5.61	26
Nov	10	1830	5.61	26
Nov	10	1800	5.6	26
Nov	10	1730	5.61	26
Nov	10	1700	5.61	26
Nov	10	1630	5.61	34
Nov	10	1600	5.6	34
Nov	10	1530	5.6	33
Nov	10	1500	5.6	33
Nov	10	1430	5.6	34
Nov	10	1400	5.6	34
Nov	10	1330	5.6	33
Nov	10	1300	5.6	33
Nov	10	1230	5.59	33
Nov	10	1200	5.59	33
Nov	10	1130	5.61	34
Nov	10	1100	5.61	34
Nov	10	1030	5.61	34
Nov	10	1000	5.6	34
Nov	10	930	5.6	34
Nov	10	900	5.6	33
Nov	10	830	5.6	33
Nov	10	800	5.6	34
Nov	10	730	5.59	44
Nov	10	700	5.58	44
Nov	10	630	5.58	44
Nov	10	600	5.58	42
Nov	10	530	5.58	43
Nov	10	500	5.58	42
Nov	10	430	5.58	43
Nov	10	400	5.58	42
Nov	10	330	5.57	41
Nov	10	300	5.57	42
Nov	10	230	5.57	42
Nov	10	200	5.57	43
Nov	10	130	5.56	43
Nov	10	100	5.55	43
Nov	10	30	5.55	43
Nov	10	0	5.55	43
Nov	9	2330	5.55	43
Nov	9	2300	5.54	43
Nov	9	2230	5.55	43
Nov	9	2200	5.54	44
Nov	9	2130	5.53	44
Nov	9	2100	5.53	43
Nov	9	2030	5.52	42
Nov	9	2000	5.52	42
Nov	9	1930	5.51	43
Nov	9	1900	5.51	43
Nov	9	1830	5.5	44
Nov	9	1800	5.48	43
Nov	9	1730	5.47	43
Nov	9	1700	5.43	43
Nov	9	1630	5.38	43
Nov	9	1600	5.3	45
Nov	9	1530	5.1	44
Nov	9	1500	5.1	43
Nov	9	1430	5.1	43
Nov	9	1400	5.1	43
Nov	9	1330	5.1	43
Nov	9	1300	5.1	45
Nov	9	1230	5.1	45
Nov	9	1200	5.08	69
Nov	9	1130	5.05	70
Nov	9	1100	5.06	70
Nov	9	1030	5.06	68
Nov	9	1000	5.06	70
Nov	9	930	5.05	70
Nov	9	900	5.06	70
Nov	9	830	5.05	69
Nov	9	800	5.05	69
Nov	9	730	5.06	70
Nov	9	700	5.05	69
Nov	9	630	5.05	69
Nov	9	600	5.05	69
Nov	9	530	5.05	70
Nov	9	500	5.05	69
Nov	9	430	5.05	69
Nov	9	400	5.05	70
Nov	9	330	5.05	70
Nov	9	300	5.05	69
Nov	9	230	5.05	69
Nov	9	200	5.05	69
Nov	9	130	5.05	69
Nov	9	100	5.05	69
Nov	9	30	5.05	69
Nov	9	0	5.05	69
Nov	8	2330	5.05	69
Nov	8	2300	5.04	69
Nov	8	2230	5.04	68
Nov	8	2200	5.05	68
Nov	8	2130	5.05	70
Nov	8	2100	5.04	68
Nov	8	2030	5.05	69
Nov	8	2000	5.04	68
Nov	8	1930	5.05	68
Nov	8	1900	5.04	67
Nov	8	1830	5.04	69
Nov	8	1800	5.04	68
Nov	8	1730	5.04	69
Nov	8	1700	5.04	68
Nov	8	1630	5.04	68
Nov	8	1600	5.04	69
Nov	8	1530	5.04	69
Nov	8	1500	5.04	68
Nov	8	1430	5.05	69
Nov	8	1400	5.04	68
Nov	8	1330	5.04	69
Nov	8	1300	5.04	68
Nov	8	1230	5.04	69
Nov	8	1200	5.05	69
Nov	8	1130	5.04	69
Nov	8	1100	5.04	69
Nov	8	1030	5.04	68
Nov	8	1000	5.04	68
Nov	8	930	5.04	69
Nov	8	900	5.04	69
Nov	8	830	5.03	68
Nov	8	800	5.03	68
Nov	8	730	5.04	68
Nov	8	700	5.04	69
Nov	8	630	5.04	69
Nov	8	600	5.04	68
Nov	8	530	5.04	68
Nov	8	500	5.04	68
Nov	8	430	5.04	70
Nov	8	400	5.04	69
Nov	8	330	5.04	68
Nov	8	300	5.04	69
Nov	8	230	5.04	69
Nov	8	200	5.04	69
Nov	8	130	5.04	68
Nov	8	100	5.04	68
Nov	8	30	5.05	69
Nov	8	0	5.05	69
Nov	7	2330	5.05	67
Nov	7	2300	5.05	69
Nov	7	2230	5.05	68
Nov	7	2200	5.05	69
Nov	7	2130	5.05	69
Nov	7	2100	5.05	68
Nov	7	2030	5.05	68
Nov	7	2000	5.05	68
Nov	7	1930	5.05	67
Nov	7	1900	5.05	68
Nov	7	1830	5.05	69
Nov	7	1800	5.05	67
Nov	7	1730	5.05	68
Nov	7	1700	5.04	69
Nov	7	1630	5.05	68
Nov	7	1600	5.04	68
Nov	7	1530	5.05	69
Nov	7	1500	5.04	68
Nov	7	1430	5.04	68
Nov	7	1400	5.04	69
Nov	7	1330	5.04	68
Nov	7	1300	5.04	68
Nov	7	1230	5.04	68
Nov	7	1200	5.04	69
Nov	7	1130	5.03	70
Nov	7	1100	5.03	68
Nov	7	1030	5.04	68
Nov	7	1000	5.04	69
Nov	7	930	5.04	69
Nov	7	900	5.03	69
Nov	7	830	5.04	69
Nov	7	800	5.03	69
Nov	7	730	5.03	69
Nov	7	700	5.03	69
Nov	7	630	5.03	69
Nov	7	600	5.03	69
Nov	7	530	5.03	68
Nov	7	500	5.03	68
Nov	7	430	5.02	69
Nov	7	400	5.03	68
Nov	7	330	5.03	69
Nov	7	300	5.02	69
Nov	7	230	5.02	70
Nov	7	200	5.02	71
Nov	7	130	5.02	72
Nov	7	100	5.01	72
Nov	7	30	5.01	72
Nov	7	0	5.02	71
Nov	6	2330	5	71
Nov	6	2300	5	71
Nov	6	2230	5.01	70
Nov	6	2200	4.99	72
Nov	6	2130	4.99	70
Nov	6	2100	4.99	72
Nov	6	2030	4.97	72
Nov	6	2000	4.96	71
Nov	6	1930	4.91	73
Nov	6	1900	4.91	73
Nov	6	1830	4.87	71
Nov	6	1800	4.85	70
Nov	6	1730	4.85	70
Nov	6	1700	4.85	69
Nov	6	1630	4.86	71
Nov	6	1600	4.86	70
Nov	6	1530	4.85	71
Nov	6	1500	4.86	70
Nov	6	1430	4.86	71
Nov	6	1400	4.86	71
Nov	6	1330	4.87	71
Nov	6	1300	4.87	70
Nov	6	1230	4.87	70
Nov	6	1200	4.87	70
Nov	6	1130	4.87	70
Nov	6	1100	4.87	70
Nov	6	1030	4.86	70
Nov	6	1000	4.86	70
Nov	6	930	4.86	71
Nov	6	900	4.87	70
Nov	6	830	4.86	71
Nov	6	800	4.87	61
Nov	6	730	4.88	62
Nov	6	700	4.88	62
Nov	6	630	4.89	62
Nov	6	600	4.88	62
Nov	6	530	4.89	62
Nov	6	500	4.89	62
Nov	6	430	4.9	62
Nov	6	400	4.88	62
Nov	6	330	4.88	62
Nov	6	300	4.89	63
Nov	6	230	4.88	63
Nov	6	200	4.89	62
Nov	6	130	4.88	62
Nov	6	100	4.89	62
Nov	6	30	4.89	62
Nov	6	0	4.89	62
Nov	5	2330	4.89	62
Nov	5	2300	4.89	62
Nov	5	2230	4.89	62
Nov	5	2200	4.89	62
Nov	5	2130	4.88	62
Nov	5	2100	4.89	63
Nov	5	2030	4.89	62
Nov	5	2000	4.89	61
Nov	5	1930	4.89	62
Nov	5	1900	4.89	62
Nov	5	1830	4.89	61
Nov	5	1800	4.89	62
Nov	5	1730	4.89	62
Nov	5	1700	4.9	61
Nov	5	1630	4.9	61
Nov	5	1600	4.9	63
Nov	5	1530	4.9	62
Nov	5	1500	4.9	62
Nov	5	1430	4.9	63
Nov	5	1400	4.89	62
Nov	5	1330	4.89	62
Nov	5	1300	4.89	62
Nov	5	1230	4.89	63
Nov	5	1200	4.89	62
Nov	5	1130	4.89	62
Nov	5	1100	4.9	63
Nov	5	1030	4.9	62
Nov	5	1000	4.9	63
Nov	5	930	4.9	62
Nov	5	900	4.89	62
Nov	5	830	4.9	63
Nov	5	800	4.89	63
Nov	5	730	4.89	62
Nov	5	700	4.89	63
Nov	5	630	4.91	62
Nov	5	600	4.89	61
Nov	5	530	4.89	62
Nov	5	500	4.89	62
Nov	5	430	4.89	61
Nov	5	400	4.89	62
Nov	5	330	4.89	61
Nov	5	300	4.89	61
Nov	5	230	4.89	62
Nov	5	200	4.89	63
Nov	5	130	4.88	61
Nov	5	100	4.89	61
Nov	5	30	4.89	62
Nov	5	0	4.89	62
Nov	4	2330	4.88	62
Nov	4	2300	4.88	63
Nov	4	2230	4.87	64
Nov	4	2200	4.86	63
Nov	4	2130	4.85	61
Nov	4	2100	4.84	63
Nov	4	2030	4.83	60
Nov	4	2000	4.82	62
Nov	4	1930	4.82	60
Nov	4	1900	4.81	61
Nov	4	1830	4.81	61
Nov	4	1800	4.82	60
Nov	4	1730	4.81	60
Nov	4	1700	4.81	60
Nov	4	1630	4.82	61
Nov	4	1600	4.83	59
Nov	4	1530	4.83	60
Nov	4	1500	4.82	60
Nov	4	1430	4.81	60
Nov	4	1400	4.81	61
Nov	4	1330	4.81	60
Nov	4	1300	4.8	62
Nov	4	1230	4.81	60
Nov	4	1200	4.81	58
Nov	4	1130	4.81	62
Nov	4	1100	4.81	62
Nov	4	1030	4.8	60
Nov	4	1000	4.81	61
Nov	4	930	4.8	62
Nov	4	900	4.81	60
Nov	4	830	4.81	62
Nov	4	800	4.8	60
Nov	4	730	4.81	55
Nov	4	700	4.83	55
Nov	4	630	4.82	55
Nov	4	600	4.82	56
Nov	4	530	4.82	56
Nov	4	500	4.82	56
Nov	4	430	4.82	56
Nov	4	400	4.82	56
Nov	4	330	4.83	55
Nov	4	300	4.83	55
Nov	4	230	4.83	56
Nov	4	200	4.83	56
Nov	4	130	4.83	56
Nov	4	100	4.83	57
Nov	4	30	4.83	57
Nov	4	0	4.83	57
Nov	3	2330	4.83	57
Nov	3	2300	4.83	57
Nov	3	2230	4.83	57
Nov	3	2200	4.83	58
Nov	3	2130	4.82	57
Nov	3	2100	4.82	56
Nov	3	2030	4.83	57
Nov	3	2000	4.83	56
Nov	3	1930	4.83	55
Nov	3	1900	4.83	56
Nov	3	1830	4.83	56
Nov	3	1800	4.82	57
Nov	3	1730	4.83	57
Nov	3	1700	4.83	57
Nov	3	1630	4.82	58
Nov	3	1600	4.83	59
Nov	3	1530	4.83	53
Nov	3	1500	4.88	37
Nov	3	1430	4.88	37
Nov	3	1400	4.88	37
Nov	3	1330	4.88	37
Nov	3	1300	4.89	37
Nov	3	1230	M	M
Nov	3	1200	M	M
Nov	3	1130	M	M
Nov	3	1100	M	M
Nov	3	1030	M	M
Nov	3	1000	M	M
Nov	3	930	M	M
Nov	3	900	M	M
Nov	3	830	M	M
Nov	3	800	M	M
Nov	3	730	M	M
Nov	3	700	M	M
Nov	3	630	M	M
Nov	3	600	M	M
Nov	3	530	M	M
Nov	3	500	M	M
Nov	3	430	M	M
Nov	3	400	M	M
Nov	3	330	M	M
Nov	3	300	M	M
Nov	3	230	M	M
Nov	3	200	M	M
Nov	3	130	M	M
Nov	3	100	M	M
Nov	3	30	M	M
Nov	3	0	M	M
Nov	2	2330	M	M
Nov	2	2300	M	M
Nov	2	2230	M	M
Nov	2	2200	M	M
Nov	2	2130	M	M
Nov	2	2100	M	M
Nov	2	2030	M	M
Nov	2	2000	M	M
Nov	2	1930	M	M
Nov	2	1900	M	M
Nov	2	1830	M	M
Nov	2	1800	M	M
Nov	2	1730	4.83	34
Nov	2	1700	4.82	34
Nov	2	1630	4.82	25
Nov	2	1600	4.84	25
Nov	2	1530	4.84	25
Nov	2	1500	4.84	25
Nov	2	1430	4.84	23
Nov	2	1400	4.84	26
Nov	2	1330	4.84	25
Nov	2	1300	4.84	25
Nov	2	1230	4.84	24
Nov	2	1200	4.84	24
Nov	2	1130	4.84	25
Nov	2	1100	4.84	24
Nov	2	1030	4.84	24
Nov	2	1000	4.84	25
Nov	2	930	4.84	24
Nov	2	900	4.84	24
Nov	2	830	4.84	24
Nov	2	800	4.83	24
Nov	2	730	4.83	24
Nov	2	700	4.83	24
Nov	2	630	4.84	24
Nov	2	600	4.84	25
Nov	2	530	4.84	24
Nov	2	500	4.84	24
Nov	2	430	4.84	24
Nov	2	400	4.84	24
Nov	2	330	4.84	25
Nov	2	300	4.84	24
Nov	2	230	4.84	24
Nov	2	200	4.84	24
Nov	2	130	4.84	24
Nov	2	100	4.84	25
Nov	2	30	4.84	23
Nov	2	0	4.84	24
Nov	1	2330	4.83	24
Nov	1	2300	4.83	24
Nov	1	2230	4.84	24
Nov	1	2200	4.84	25
Nov	1	2130	4.84	24
Nov	1	2100	4.83	24
Nov	1	2030	4.84	24
Nov	1	2000	4.84	24
Nov	1	1930	4.84	24
Nov	1	1900	4.84	24
Nov	1	1830	4.83	24
Nov	1	1800	4.83	24
Nov	1	1730	4.84	24
Nov	1	1700	4.84	24
Nov	1	1630	4.84	25
Nov	1	1600	4.84	24
Nov	1	1530	4.84	24
Nov	1	1500	4.84	25
Nov	1	1430	4.84	25
Nov	1	1400	4.84	25
Nov	1	1330	4.84	25
Nov	1	1300	4.84	25
Nov	1	1230	4.84	26
Nov	1	1200	4.84	25
Nov	1	1130	4.84	25
Nov	1	1100	4.84	25
Nov	1	1030	4.84	24
Nov	1	1000	4.84	25
Nov	1	930	4.84	24
Nov	1	900	4.84	24
Nov	1	830	4.84	25
Nov	1	800	4.84	25
Nov	1	730	4.84	24
Nov	1	700	4.84	24
Nov	1	630	4.84	24
Nov	1	600	4.84	24
Nov	1	530	4.84	25
Nov	1	500	4.84	25
Nov	1	430	4.84	24
Nov	1	400	4.84	27
Nov	1	330	4.84	23
Nov	1	300	4.84	24
Nov	1	230	4.84	25
Nov	1	200	4.84	24
Nov	1	130	4.85	25
Nov	1	100	4.85	25
Nov	1	30	4.85	25
Nov	1	0	4.85	25
Oct	31	2330	4.85	24
Oct	31	2300	4.85	25
Oct	31	2230	4.85	25
Oct	31	2200	4.85	25
Oct	31	2130	4.85	25
Oct	31	2100	4.85	24
Oct	31	2030	4.85	25
Oct	31	2000	4.85	24
Oct	31	1930	4.84	25
Oct	31	1900	4.84	25
Oct	31	1830	4.84	24
Oct	31	1800	4.84	25
Oct	31	1730	4.84	24
Oct	31	1700	4.84	24
Oct	31	1630	4.84	25
Oct	31	1600	4.84	25
Oct	31	1530	4.84	24
Oct	31	1500	4.84	24
Oct	31	1430	4.84	26
Oct	31	1400	4.83	27
Oct	31	1330	4.83	27
Oct	31	1300	4.83	27
Oct	31	1230	4.8	40
Oct	31	1200	4.8	40
Oct	31	1130	4.8	42
Oct	31	1100	4.79	41
Oct	31	1030	4.79	38
Oct	31	1000	4.8	39
Oct	31	930	4.8	39
Oct	31	900	4.8	39
Oct	31	830	4.8	39
Oct	31	800	4.81	40
Oct	31	730	4.8	39
Oct	31	700	4.8	39
Oct	31	630	4.8	40
Oct	31	600	4.81	40
Oct	31	530	4.81	39
Oct	31	500	4.8	40
Oct	31	430	4.8	40
Oct	31	400	4.81	39
Oct	31	330	4.81	40
Oct	31	300	4.81	41
Oct	31	230	4.81	40
Oct	31	200	4.81	42
Oct	31	130	4.82	41
Oct	31	100	4.81	41
Oct	31	30	4.81	40
Oct	31	0	4.81	40
Oct	30	2330	4.81	39
Oct	30	2300	4.81	39
Oct	30	2230	4.81	39
Oct	30	2200	4.81	39
Oct	30	2130	4.81	39
Oct	30	2100	4.81	40
Oct	30	2030	4.81	39
Oct	30	2000	4.81	40
Oct	30	1930	4.81	39
Oct	30	1900	4.8	39
Oct	30	1830	4.8	39
Oct	30	1800	4.8	40
Oct	30	1730	4.8	39
Oct	30	1700	4.8	39
Oct	30	1630	4.8	39
Oct	30	1600	4.8	39
Oct	30	1530	4.8	39
Oct	30	1500	4.81	39
Oct	30	1430	4.81	37
Oct	30	1400	4.82	38
Oct	30	1330	4.81	40
Oct	30	1300	4.82	40
Oct	30	1230	4.82	40
Oct	30	1200	4.82	48
Oct	30	1130	4.77	56
Oct	30	1100	4.77	56
Oct	30	1030	4.78	54
Oct	30	1000	4.77	57
Oct	30	930	4.78	55
Oct	30	900	4.77	55
Oct	30	830	4.77	54
Oct	30	800	4.77	55
Oct	30	730	4.77	55
Oct	30	700	4.78	55
Oct	30	630	4.77	55
Oct	30	600	4.77	57
Oct	30	530	4.78	55
Oct	30	500	4.78	55
Oct	30	430	4.78	55
Oct	30	400	4.78	56
Oct	30	330	4.78	55
Oct	30	300	4.78	55
Oct	30	230	4.78	57
Oct	30	200	4.78	57
Oct	30	130	4.78	57
Oct	30	100	4.78	57
Oct	30	30	4.78	56
Oct	30	0	4.78	57
Oct	29	2330	4.78	57
Oct	29	2300	4.78	57
Oct	29	2230	4.77	56
Oct	29	2200	4.77	57
Oct	29	2130	4.77	55
Oct	29	2100	4.78	56
Oct	29	2030	4.78	56
Oct	29	2000	4.79	56
Oct	29	1930	4.78	56
Oct	29	1900	4.8	54
Oct	29	1830	4.81	55
Oct	29	1800	4.82	55
Oct	29	1730	4.82	56
Oct	29	1700	4.84	55
Oct	29	1630	4.85	54
Oct	29	1600	4.85	55
Oct	29	1530	4.85	54
Oct	29	1500	4.86	55
Oct	29	1430	4.85	55
Oct	29	1400	4.85	54
Oct	29	1330	4.85	54
Oct	29	1300	4.85	55
Oct	29	1230	4.85	55
Oct	29	1200	4.85	55
Oct	29	1130	4.86	53
Oct	29	1100	4.85	54
Oct	29	1030	4.85	54
Oct	29	1000	4.85	54
Oct	29	930	4.85	57
Oct	29	900	4.85	56
Oct	29	830	4.84	56
Oct	29	800	4.84	58
Oct	29	730	4.84	56
Oct	29	700	4.86	52
Oct	29	630	4.85	54
Oct	29	600	4.85	52
Oct	29	530	4.86	54
Oct	29	500	4.86	54
Oct	29	430	4.86	53
Oct	29	400	4.86	53
Oct	29	330	4.85	52
Oct	29	300	4.85	53
Oct	29	230	4.86	53
Oct	29	200	4.86	54
Oct	29	130	4.86	54
Oct	29	100	4.86	54
Oct	29	30	4.85	53
Oct	29	0	4.85	53
Oct	28	2330	4.85	53
Oct	28	2300	4.86	53
Oct	28	2230	4.85	53
Oct	28	2200	4.86	55
Oct	28	2130	4.86	54
Oct	28	2100	4.86	54
Oct	28	2030	4.86	55
Oct	28	2000	4.86	54
Oct	28	1930	4.86	54
Oct	28	1900	4.86	55
Oct	28	1830	4.86	55
Oct	28	1800	4.87	54
Oct	28	1730	4.87	55
Oct	28	1700	4.88	55
Oct	28	1630	4.89	55
Oct	28	1600	4.9	56
Oct	28	1530	4.89	56
Oct	28	1500	4.9	56
Oct	28	1430	4.9	56
Oct	28	1400	4.9	56
Oct	28	1330	4.9	58
Oct	28	1300	4.9	57
Oct	28	1230	4.91	56
Oct	28	1200	4.9	56
Oct	28	1130	4.9	56
Oct	28	1100	4.9	55
Oct	28	1030	4.9	57
Oct	28	1000	4.9	56
Oct	28	930	4.9	56
Oct	28	900	4.87	54
Oct	28	830	4.87	55
Oct	28	800	4.88	55
Oct	28	730	4.88	54
Oct	28	700	4.88	54
Oct	28	630	4.87	53
Oct	28	600	4.88	54
Oct	28	530	4.88	54
Oct	28	500	4.88	54
Oct	28	430	4.87	54
Oct	28	400	4.88	55
Oct	28	330	4.88	54
Oct	28	300	4.88	54
Oct	28	230	4.88	55
Oct	28	200	4.88	54
Oct	28	130	4.88	54
Oct	28	100	4.88	54
Oct	28	30	4.89	54
Oct	28	0	4.89	53
Oct	27	2330	4.88	54
Oct	27	2300	4.88	57
Oct	27	2230	4.87	57
Oct	27	2200	4.87	56
Oct	27	2130	4.87	56
Oct	27	2100	4.87	55
Oct	27	2030	4.87	55
Oct	27	2000	4.88	53
Oct	27	1930	4.88	53
Oct	27	1900	4.88	54
Oct	27	1830	4.89	55
Oct	27	1800	4.9	53
Oct	27	1730	4.9	55
Oct	27	1700	4.91	55
Oct	27	1630	4.93	58
Oct	27	1600	4.93	54
Oct	27	1530	4.96	54
Oct	27	1500	4.98	54
Oct	27	1430	4.99	56
Oct	27	1400	4.99	56
Oct	27	1330	5	54
Oct	27	1300	5	56
Oct	27	1230	5	55
Oct	27	1200	5	55
Oct	27	1130	5	55
Oct	27	1100	5	55
Oct	27	1030	5	56
Oct	27	1000	4.99	56
Oct	27	930	5	56
Oct	27	900	5	55
Oct	27	830	5	55
Oct	27	800	5	55
Oct	27	730	5	56
Oct	27	700	4.99	56
Oct	27	630	4.99	56
Oct	27	600	4.99	55
Oct	27	530	4.99	55
Oct	27	500	5	55
Oct	27	430	5	55
Oct	27	400	5	53
Oct	27	330	5	54
Oct	27	300	5	54
Oct	27	230	5	54
Oct	27	200	4.99	55
Oct	27	130	5	57
Oct	27	100	4.99	56
Oct	27	30	5	56
Oct	27	0	5	56
Oct	26	2330	5	56
Oct	26	2300	5	56
Oct	26	2230	5	57
Oct	26	2200	5	56
Oct	26	2130	5	57
Oct	26	2100	5	57
Oct	26	2030	5	57
Oct	26	2000	5.01	57
Oct	26	1930	5.01	54
Oct	26	1900	5.02	54
Oct	26	1830	5.03	53
Oct	26	1800	5.03	53
Oct	26	1730	5.04	54
Oct	26	1700	5.04	56
Oct	26	1630	5.06	53
Oct	26	1600	5.11	56
Oct	26	1530	5.11	55
Oct	26	1500	5.14	57
Oct	26	1430	5.17	122
Oct	26	1400	5.3	56
Oct	26	1330	5.29	64
Oct	26	1300	5.28	64
Oct	26	1230	5.29	65
Oct	26	1200	5.28	64
Oct	26	1130	5.29	64
Oct	26	1100	5.29	65
Oct	26	1030	5.28	65
Oct	26	1000	5.28	64
Oct	26	930	5.29	65
Oct	26	900	5.29	65
Oct	26	830	5.29	64
Oct	26	800	5.29	64
Oct	26	730	5.29	64
Oct	26	700	5.29	64
Oct	26	630	5.29	64
Oct	26	600	5.29	65
Oct	26	530	5.29	65
Oct	26	500	5.29	65
Oct	26	430	5.29	65
Oct	26	400	5.29	63
Oct	26	330	5.29	64
Oct	26	300	5.29	64
Oct	26	230	5.29	64
Oct	26	200	5.29	64
Oct	26	130	5.29	64
Oct	26	100	5.29	65
Oct	26	30	5.29	64
Oct	26	0	5.29	64
Oct	25	2330	5.29	65
Oct	25	2300	5.29	65
Oct	25	2230	5.28	64
Oct	25	2200	5.29	64
Oct	25	2130	5.29	63
Oct	25	2100	5.29	63
Oct	25	2030	5.29	64
Oct	25	2000	5.28	64
Oct	25	1930	5.29	64
Oct	25	1900	5.28	63
Oct	25	1830	5.28	64
Oct	25	1800	5.28	64
Oct	25	1730	5.28	64
Oct	25	1700	5.28	63
Oct	25	1630	5.28	63
Oct	25	1600	5.28	64
Oct	25	1530	5.29	65
Oct	25	1500	5.29	63
Oct	25	1430	5.29	65
Oct	25	1400	5.28	64
Oct	25	1330	5.28	64
Oct	25	1300	5.29	63
Oct	25	1230	5.29	64
Oct	25	1200	5.29	64
Oct	25	1130	5.29	63
Oct	25	1100	5.29	65
Oct	25	1030	5.28	64
Oct	25	1000	5.29	64
Oct	25	930	5.29	64
Oct	25	900	5.29	64
Oct	25	830	5.28	64
Oct	25	800	5.29	64
Oct	25	730	5.29	64
Oct	25	700	5.28	64
Oct	25	630	5.28	64
Oct	25	600	5.29	65
Oct	25	530	5.28	65
Oct	25	500	5.29	64
Oct	25	430	5.29	64
Oct	25	400	5.29	64
Oct	25	330	5.29	63
Oct	25	300	5.29	64
Oct	25	230	5.29	64
Oct	25	200	5.29	65
Oct	25	130	5.3	64
Oct	25	100	5.28	63
Oct	25	30	5.28	62
Oct	25	0	5.29	63
Oct	24	2330	5.29	64
Oct	24	2300	5.29	64
Oct	24	2230	5.29	64
Oct	24	2200	5.29	64
Oct	24	2130	5.29	65
Oct	24	2100	5.29	62
Oct	24	2030	5.29	61
Oct	24	2000	5.29	62
Oct	24	1930	5.29	61
Oct	24	1900	5.29	62
Oct	24	1830	5.3	61
Oct	24	1800	5.3	62
Oct	24	1730	5.31	62
Oct	24	1700	5.32	64
Oct	24	1630	5.33	63
Oct	24	1600	5.35	64
Oct	24	1530	5.37	64
Oct	24	1500	5.39	62
Oct	24	1430	5.4	63
Oct	24	1400	5.4	63
Oct	24	1330	5.4	63
Oct	24	1300	5.4	62
Oct	24	1230	5.41	63
Oct	24	1200	5.41	63
Oct	24	1130	5.4	63
Oct	24	1100	5.41	64
Oct	24	1030	5.41	64
Oct	24	1000	5.4	64
Oct	24	930	5.41	61
Oct	24	900	5.41	62
Oct	24	830	5.41	61
Oct	24	800	5.41	62
Oct	24	730	5.4	63
Oct	24	700	5.41	63
Oct	24	630	5.41	63
Oct	24	600	5.41	64
Oct	24	530	5.42	64
Oct	24	500	5.41	64
Oct	24	430	5.41	63
Oct	24	400	5.4	64
Oct	24	330	5.4	62
Oct	24	300	5.41	63
Oct	24	230	5.39	63
Oct	24	200	5.4	62
Oct	24	130	5.4	61
Oct	24	100	5.38	66
Oct	24	30	5.38	64
Oct	24	0	5.38	64
Oct	23	2330	5.38	65
Oct	23	2300	5.39	63
Oct	23	2230	5.38	64
Oct	23	2200	5.38	64
Oct	23	2130	5.38	65
Oct	23	2100	5.38	64
Oct	23	2030	5.38	64
Oct	23	2000	5.38	64
Oct	23	1930	5.39	64
Oct	23	1900	5.39	65
Oct	23	1830	5.37	64
Oct	23	1800	5.37	63
Oct	23	1730	5.37	64
Oct	23	1700	5.36	63
Oct	23	1630	5.36	65
Oct	23	1600	5.35	63
Oct	23	1530	5.29	66
Oct	23	1500	5.29	63
Oct	23	1430	M	M
Oct	23	1400	M	M
Oct	23	1330	5.28	63
Oct	23	1300	5.28	63
Oct	23	1230	5.28	63
Oct	23	1200	5.28	62
Oct	23	1130	5.28	63
Oct	23	1100	5.28	59
Oct	23	1030	5.28	61
Oct	23	1000	5.29	62
Oct	23	930	5.28	63
Oct	23	900	5.28	62
Oct	23	830	5.28	62
Oct	23	800	5.28	61
Oct	23	730	5.29	61
Oct	23	700	5.28	64
Oct	23	630	5.28	62
Oct	23	600	5.28	63
Oct	23	530	5.29	63
Oct	23	500	5.29	63
Oct	23	430	5.28	64
Oct	23	400	5.28	63
Oct	23	330	5.28	63
Oct	23	300	5.29	61
Oct	23	230	5.28	61
Oct	23	200	5.29	60
Oct	23	130	5.28	64
Oct	23	100	5.29	61
Oct	23	30	5.28	60
Oct	23	0	5.29	61
Oct	22	2330	5.29	61
Oct	22	2300	5.29	62
Oct	22	2230	5.29	62
Oct	22	2200	5.29	62
Oct	22	2130	5.29	62
Oct	22	2100	5.28	63
Oct	22	2030	5.29	63
Oct	22	2000	5.3	62
Oct	22	1930	5.3	62
Oct	22	1900	5.31	62
Oct	22	1830	5.31	62
Oct	22	1800	5.31	62
Oct	22	1730	5.3	65
Oct	22	1700	5.29	64
Oct	22	1630	5.27	63
Oct	22	1600	5.24	64
Oct	22	1530	5.19	64
Oct	22	1500	5.15	64
Oct	22	1430	5.15	62
Oct	22	1400	5.15	62
Oct	22	1330	5.19	63
Oct	22	1300	5.19	64
Oct	22	1230	5.21	62
Oct	22	1200	5.22	64
Oct	22	1130	5.24	64
Oct	22	1100	5.25	62
Oct	22	1030	5.26	62
Oct	22	1000	5.27	65
Oct	22	930	5.27	63
Oct	22	900	5.27	63
Oct	22	830	5.26	63
Oct	22	800	5.26	64
Oct	22	730	5.25	63
Oct	22	700	5.25	63
Oct	22	630	5.23	65
Oct	22	600	5.21	65
Oct	22	530	5.19	63
Oct	22	500	5.15	64
Oct	22	430	5.1	64
Oct	22	400	5.06	64
Oct	22	330	5.01	63
Oct	22	300	4.99	62
Oct	22	230	4.99	62
Oct	22	200	4.99	62
Oct	22	130	4.99	63
Oct	22	100	5	62
Oct	22	30	5	62
Oct	22	0	5	62
Oct	21	2330	5.01	63
Oct	21	2300	5.01	64
Oct	21	2230	5.02	65
Oct	21	2200	5.03	65
Oct	21	2130	5.03	64
Oct	21	2100	5.02	62
Oct	21	2030	5.04	62
Oct	21	2000	5.05	61
Oct	21	1930	5.04	66
Oct	21	1900	5.04	63
Oct	21	1830	5.04	68
Oct	21	1800	5.03	63
Oct	21	1730	5.02	60
Oct	21	1700	5.03	61
Oct	21	1630	5.04	60
Oct	21	1600	5.05	64
Oct	21	1530	5.07	61
Oct	21	1500	5.09	62
Oct	21	1430	5.1	63
Oct	21	1400	5.09	64
Oct	21	1330	5.09	83
Oct	21	1300	5.08	83
Oct	21	1230	5.09	84
Oct	21	1200	4.94	80
Oct	21	1130	4.94	80
Oct	21	1100	4.94	80
Oct	21	1030	4.92	80
Oct	21	1000	4.93	79
Oct	21	930	4.93	81
Oct	21	900	4.93	82
Oct	21	830	4.92	83
Oct	21	800	4.9	83
Oct	21	730	4.9	83
Oct	21	700	4.87	100
Oct	21	630	4.87	98
Oct	21	600	4.86	97
Oct	21	530	4.86	100
Oct	21	500	4.86	99
Oct	21	430	4.85	98
Oct	21	400	4.85	100
Oct	21	330	4.85	97
Oct	21	300	4.86	100
Oct	21	230	4.86	101
Oct	21	200	4.87	100
Oct	21	130	4.86	99
Oct	21	100	4.85	99
Oct	21	30	4.86	99
Oct	21	0	4.85	99
Oct	20	2330	4.87	98
Oct	20	2300	4.85	100
Oct	20	2230	4.86	98
Oct	20	2200	4.85	97
Oct	20	2130	4.85	98
Oct	20	2100	4.85	98
Oct	20	2030	4.85	97
Oct	20	2000	4.86	97
Oct	20	1930	4.86	99
Oct	20	1900	4.87	99
Oct	20	1830	4.86	100
Oct	20	1800	4.87	100
Oct	20	1730	4.87	102
Oct	20	1700	4.88	102
Oct	20	1630	4.87	102
Oct	20	1600	4.87	104
Oct	20	1530	4.87	102
Oct	20	1500	4.87	103
Oct	20	1430	4.87	102
Oct	20	1400	4.86	100
Oct	20	1330	4.86	101
Oct	20	1300	4.87	101
Oct	20	1230	4.87	103
Oct	20	1200	4.88	102
Oct	20	1130	4.87	104
Oct	20	1100	4.87	103
Oct	20	1030	4.87	100
Oct	20	1000	4.85	100
Oct	20	930	4.86	101
Oct	20	900	4.87	102
Oct	20	830	4.88	101
Oct	20	800	4.87	101
Oct	20	730	4.87	102
Oct	20	700	4.85	101
Oct	20	630	4.88	101
Oct	20	600	4.87	101
Oct	20	530	4.86	102
Oct	20	500	4.88	101
Oct	20	430	4.88	99
Oct	20	400	4.86	102
Oct	20	330	4.87	100
Oct	20	300	4.87	101
Oct	20	230	4.87	102
Oct	20	200	4.87	102
Oct	20	130	4.87	101
Oct	20	100	4.87	101
Oct	20	30	4.87	101
Oct	20	0	4.87	100
Oct	19	2330	4.87	100
Oct	19	2300	4.85	102
Oct	19	2230	4.87	101
Oct	19	2200	4.87	100
Oct	19	2130	4.87	100
Oct	19	2100	4.86	103
Oct	19	2030	4.86	101
Oct	19	2000	4.87	100
Oct	19	1930	4.87	100
Oct	19	1900	4.87	102
Oct	19	1830	4.85	101
Oct	19	1800	4.86	102
Oct	19	1730	4.84	102
Oct	19	1700	4.86	99
Oct	19	1630	4.86	101
Oct	19	1600	4.86	100
Oct	19	1530	4.86	101
Oct	19	1500	4.85	101
Oct	19	1430	4.85	100
Oct	19	1400	4.86	99
Oct	19	1330	4.84	100
Oct	19	1300	4.85	99
Oct	19	1230	4.86	100
Oct	19	1200	4.84	100
Oct	19	1130	4.85	100
Oct	19	1100	4.87	100
Oct	19	1030	4.86	98
Oct	19	1000	4.86	100
Oct	19	930	4.87	98
Oct	19	900	4.85	100
Oct	19	830	4.86	100
Oct	19	800	4.86	97
Oct	19	730	4.85	99
Oct	19	700	4.86	102
Oct	19	630	4.85	101
Oct	19	600	4.85	100
Oct	19	530	4.86	101
Oct	19	500	4.86	99
Oct	19	430	4.84	100
Oct	19	400	4.84	99
Oct	19	330	4.85	101
Oct	19	300	4.86	98
Oct	19	230	4.86	100
Oct	19	200	4.84	99
Oct	19	130	4.86	99
Oct	19	100	4.86	99
Oct	19	30	4.85	99
Oct	19	0	4.85	102
Oct	18	2330	4.85	100
Oct	18	2300	4.85	96
Oct	18	2230	4.85	97
Oct	18	2200	4.86	98
Oct	18	2130	4.85	99
Oct	18	2100	4.85	101
Oct	18	2030	4.85	98
Oct	18	2000	4.85	100
Oct	18	1930	4.84	100
Oct	18	1900	4.83	101
Oct	18	1830	4.85	102
Oct	18	1800	4.84	100
Oct	18	1730	4.83	102
Oct	18	1700	4.85	100
Oct	18	1630	4.85	101
Oct	18	1600	4.85	101
Oct	18	1530	4.86	102
Oct	18	1500	4.85	100
Oct	18	1430	4.85	102
Oct	18	1400	4.84	102
Oct	18	1330	4.85	102
Oct	18	1300	4.85	102
Oct	18	1230	4.84	102
Oct	18	1200	4.84	101
Oct	18	1130	4.84	101
Oct	18	1100	4.84	100
Oct	18	1030	4.86	101
Oct	18	1000	4.86	101
Oct	18	930	4.85	101
Oct	18	900	4.86	100
Oct	18	830	4.86	100
Oct	18	800	4.86	102
Oct	18	730	4.86	100
Oct	18	700	4.86	101
Oct	18	630	4.86	99
Oct	18	600	4.86	101
Oct	18	530	4.85	102
Oct	18	500	4.86	102
Oct	18	430	4.85	101
Oct	18	400	4.86	101
Oct	18	330	4.87	102
Oct	18	300	4.85	104
Oct	18	230	4.86	103
Oct	18	200	4.86	101
Oct	18	130	4.86	103
Oct	18	100	4.86	105
Oct	18	30	4.84	102
Oct	18	0	4.84	102
Oct	17	2330	4.86	102
Oct	17	2300	4.85	101
Oct	17	2230	4.85	101
Oct	17	2200	4.85	100
Oct	17	2130	4.82	101
Oct	17	2100	4.84	101
Oct	17	2030	4.82	101
Oct	17	2000	4.84	100
Oct	17	1930	4.84	100
Oct	17	1900	4.85	100
Oct	17	1830	4.85	100
Oct	17	1800	4.84	99
Oct	17	1730	4.85	99
Oct	17	1700	4.85	99
Oct	17	1630	4.84	100
Oct	17	1600	4.85	99
Oct	17	1530	4.85	100
Oct	17	1500	4.86	102
Oct	17	1430	4.85	99
Oct	17	1400	4.86	101
Oct	17	1330	4.86	101
Oct	17	1300	4.84	101
Oct	17	1230	4.86	98
Oct	17	1200	4.87	100
Oct	17	1130	4.85	100
Oct	17	1100	4.85	98
Oct	17	1030	4.84	98
Oct	17	1000	4.86	99
Oct	17	930	4.86	101
Oct	17	900	4.85	99
Oct	17	830	4.85	99
Oct	17	800	4.85	100
Oct	17	730	4.85	100
Oct	17	700	4.86	100
Oct	17	630	4.85	100
Oct	17	600	4.86	100
Oct	17	530	4.86	100
Oct	17	500	4.86	99
Oct	17	430	4.86	98
Oct	17	400	4.86	100
Oct	17	330	4.86	100
Oct	17	300	4.83	100
Oct	17	230	4.85	101
Oct	17	200	4.84	100
Oct	17	130	4.84	100
Oct	17	100	4.85	99
Oct	17	30	4.84	102
Oct	17	0	4.84	100
Oct	16	2330	4.85	100
Oct	16	2300	4.82	101
Oct	16	2230	4.82	100
Oct	16	2200	4.83	101
Oct	16	2130	4.83	101
Oct	16	2100	4.83	100
Oct	16	2030	4.84	101
Oct	16	2000	4.83	101
Oct	16	1930	4.83	103
Oct	16	1900	4.83	101
Oct	16	1830	4.84	100
Oct	16	1800	4.84	102
Oct	16	1730	4.85	100
Oct	16	1700	4.84	102
Oct	16	1630	4.85	101
Oct	16	1600	4.84	103
Oct	16	1530	4.84	101
Oct	16	1500	4.86	101
Oct	16	1430	4.84	101
Oct	16	1400	4.84	102
Oct	16	1330	4.83	102
Oct	16	1300	4.83	100
Oct	16	1230	4.84	100
Oct	16	1200	4.85	100
Oct	16	1130	4.84	101
Oct	16	1100	4.84	102
Oct	16	1030	4.84	100
Oct	16	1000	4.85	101
Oct	16	930	4.84	101
Oct	16	900	4.84	99
Oct	16	830	4.85	101
Oct	16	800	4.83	101
Oct	16	730	4.84	102
Oct	16	700	4.83	100
Oct	16	630	4.83	100
Oct	16	600	4.84	98
Oct	16	530	4.84	98
Oct	16	500	4.84	99
Oct	16	430	4.84	99
Oct	16	400	4.84	101
Oct	16	330	4.85	100
Oct	16	300	4.85	100
Oct	16	230	4.85	100
Oct	16	200	4.84	101
Oct	16	130	4.84	100
Oct	16	100	4.84	101
Oct	16	30	4.84	100
Oct	16	0	4.86	102
Oct	15	2330	4.86	102
Oct	15	2300	4.83	100
Oct	15	2230	4.83	103
Oct	15	2200	4.83	100
Oct	15	2130	4.83	100
Oct	15	2100	4.83	100
Oct	15	2030	4.83	101
Oct	15	2000	4.83	99
Oct	15	1930	4.84	102
Oct	15	1900	4.84	101
Oct	15	1830	4.84	99
Oct	15	1800	4.84	100
Oct	15	1730	4.83	100
Oct	15	1700	4.84	100
Oct	15	1630	4.83	99
Oct	15	1600	4.84	101
Oct	15	1530	4.85	102
Oct	15	1500	4.84	102
Oct	15	1430	4.84	100
Oct	15	1400	4.85	100
Oct	15	1330	4.84	99
Oct	15	1300	4.83	101
Oct	15	1230	4.84	102
Oct	15	1200	4.85	102
Oct	15	1130	4.84	102
Oct	15	1100	4.83	103
Oct	15	1030	4.84	101
Oct	15	1000	4.84	102
Oct	15	930	4.84	103
Oct	15	900	4.83	100
Oct	15	830	4.83	102
Oct	15	800	4.84	101
Oct	15	730	4.84	101
Oct	15	700	4.84	102
Oct	15	630	4.84	101
Oct	15	600	4.84	101
Oct	15	530	4.84	101
Oct	15	500	4.84	103
Oct	15	430	4.82	102
Oct	15	400	4.84	102
Oct	15	330	4.84	103
Oct	15	300	4.83	102
Oct	15	230	4.84	101
Oct	15	200	4.84	102
Oct	15	130	4.84	101
Oct	15	100	4.84	102
Oct	15	30	4.82	101
Oct	15	0	4.84	100
Oct	14	2330	4.82	100
Oct	14	2300	4.81	99
Oct	14	2230	4.84	101
Oct	14	2200	4.83	100
Oct	14	2130	4.82	100
Oct	14	2100	4.82	100
Oct	14	2030	4.82	100
Oct	14	2000	4.82	101
Oct	14	1930	4.83	100
Oct	14	1900	4.83	100
Oct	14	1830	4.81	99
Oct	14	1800	4.83	99
Oct	14	1730	4.82	101
Oct	14	1700	4.82	102
Oct	14	1630	4.82	101
Oct	14	1600	4.83	102
Oct	14	1530	4.83	101
Oct	14	1500	4.83	101
Oct	14	1430	4.83	100
Oct	14	1400	4.85	102
Oct	14	1330	4.84	100
Oct	14	1300	4.84	102
Oct	14	1230	4.83	104
Oct	14	1200	4.84	101
Oct	14	1130	4.84	103
Oct	14	1100	4.84	103
Oct	14	1030	4.84	103
Oct	14	1000	4.83	104
Oct	14	930	4.82	103
Oct	14	900	4.84	103
Oct	14	830	4.83	101
Oct	14	800	4.82	101
Oct	14	730	4.82	101
Oct	14	700	4.83	102
Oct	14	630	4.83	101
Oct	14	600	4.83	104
Oct	14	530	4.84	105
Oct	14	500	4.84	104
Oct	14	430	4.83	103
Oct	14	400	4.83	101
Oct	14	330	4.83	101
Oct	14	300	4.83	102
Oct	14	230	4.83	102
Oct	14	200	4.83	102
Oct	14	130	4.83	102
Oct	14	100	4.83	103
Oct	14	30	4.82	101
Oct	14	0	4.83	103
Oct	13	2330	4.84	101
Oct	13	2300	4.82	101
Oct	13	2230	4.83	101
Oct	13	2200	4.83	101
Oct	13	2130	4.8	101
Oct	13	2100	4.83	102
Oct	13	2030	4.83	102
Oct	13	2000	4.83	102
Oct	13	1930	4.82	102
Oct	13	1900	4.82	102
Oct	13	1830	4.82	103
Oct	13	1800	4.82	101
Oct	13	1730	4.83	100
Oct	13	1700	4.82	100
Oct	13	1630	4.83	101
Oct	13	1600	4.82	100
Oct	13	1530	4.85	100
Oct	13	1500	4.85	99
Oct	13	1430	4.85	100
Oct	13	1400	4.85	101
Oct	13	1330	4.85	101
Oct	13	1300	4.83	102
Oct	13	1230	4.86	103
Oct	13	1200	4.85	102
Oct	13	1130	4.84	104
Oct	13	1100	4.85	102
Oct	13	1030	4.84	101
Oct	13	1000	4.85	100
Oct	13	930	4.83	101
Oct	13	900	4.83	101
Oct	13	830	4.84	101
Oct	13	800	4.84	101
Oct	13	730	4.85	100
Oct	13	700	4.82	102
Oct	13	630	4.86	101
Oct	13	600	4.86	101
Oct	13	530	4.85	101
Oct	13	500	4.84	100
Oct	13	430	4.83	101
Oct	13	400	4.83	101
Oct	13	330	4.84	101
Oct	13	300	4.84	101
Oct	13	230	4.83	100
Oct	13	200	4.84	101
Oct	13	130	4.83	99
Oct	13	100	4.84	99
Oct	13	30	4.83	99
Oct	13	0	4.83	101
Oct	12	2330	4.83	101
Oct	12	2300	4.85	98
Oct	12	2230	4.84	100
Oct	12	2200	4.83	99
Oct	12	2130	4.84	100
Oct	12	2100	4.83	99
Oct	12	2030	4.83	100
Oct	12	2000	4.84	100
Oct	12	1930	4.83	100
Oct	12	1900	4.84	100
Oct	12	1830	4.83	99
Oct	12	1800	4.84	99
Oct	12	1730	4.84	99
Oct	12	1700	4.83	100
Oct	12	1630	4.85	98
Oct	12	1600	4.84	101
Oct	12	1530	4.84	99
Oct	12	1500	4.84	101
Oct	12	1430	4.85	100
Oct	12	1400	4.85	98
Oct	12	1330	4.86	100
Oct	12	1300	4.85	99
Oct	12	1230	4.84	100
Oct	12	1200	4.85	100
Oct	12	1130	4.85	100
Oct	12	1100	4.84	101
Oct	12	1030	4.84	100
Oct	12	1000	4.84	100
Oct	12	930	4.83	101
Oct	12	900	4.85	98
Oct	12	830	4.85	100
Oct	12	800	4.85	101
Oct	12	730	4.85	101
Oct	12	700	4.85	102
Oct	12	630	4.85	100
Oct	12	600	4.83	101
Oct	12	530	4.83	100
Oct	12	500	4.85	101
Oct	12	430	4.84	99
Oct	12	400	4.84	100
Oct	12	330	4.85	100
Oct	12	300	4.85	99
Oct	12	230	4.85	100
Oct	12	200	4.83	102
Oct	12	130	4.83	101
Oct	12	100	4.84	101
Oct	12	30	4.84	101
Oct	12	0	4.84	100
Oct	11	2330	4.85	100
Oct	11	2300	4.84	102
Oct	11	2230	4.85	101
Oct	11	2200	4.84	101
Oct	11	2130	4.84	102
Oct	11	2100	4.83	100
Oct	11	2030	4.84	103
Oct	11	2000	4.83	102
Oct	11	1930	4.84	101
Oct	11	1900	4.84	102
Oct	11	1830	4.83	101
Oct	11	1800	4.83	101
Oct	11	1730	4.84	102
Oct	11	1700	4.85	102
Oct	11	1630	4.84	100
Oct	11	1600	4.84	101
Oct	11	1530	4.84	101
Oct	11	1500	4.85	101
Oct	11	1430	4.85	101
Oct	11	1400	4.85	102
Oct	11	1330	4.85	100
Oct	11	1300	4.84	102
Oct	11	1230	4.84	104
Oct	11	1200	4.83	104
Oct	11	1130	4.85	103
Oct	11	1100	4.85	101
Oct	11	1030	4.85	102
Oct	11	1000	4.85	100
Oct	11	930	4.85	99
Oct	11	900	4.85	101
Oct	11	830	4.85	100
Oct	11	800	4.84	100
Oct	11	730	4.86	100
Oct	11	700	4.86	102
Oct	11	630	4.84	100
Oct	11	600	4.82	102
Oct	11	530	4.85	101
Oct	11	500	4.85	101
Oct	11	430	4.83	100
Oct	11	400	4.83	101
Oct	11	330	4.81	101
Oct	11	300	4.84	100
Oct	11	230	4.84	102
Oct	11	200	4.85	101
Oct	11	130	4.84	102
Oct	11	100	4.83	101
Oct	11	30	4.84	100
Oct	11	0	4.83	101
Oct	10	2330	4.84	101
Oct	10	2300	4.82	100
Oct	10	2230	4.84	101
Oct	10	2200	4.83	99
Oct	10	2130	4.83	101
Oct	10	2100	4.82	102
Oct	10	2030	4.84	101
Oct	10	2000	4.82	101
Oct	10	1930	4.83	101
Oct	10	1900	4.84	100
Oct	10	1830	4.84	101
Oct	10	1800	4.84	101
Oct	10	1730	4.84	102
Oct	10	1700	4.85	101
Oct	10	1630	4.84	103
Oct	10	1600	4.83	102
Oct	10	1530	4.84	103
Oct	10	1500	4.84	102
Oct	10	1430	4.84	101
Oct	10	1400	4.84	101
Oct	10	1330	4.82	101
Oct	10	1300	4.85	102
Oct	10	1230	4.83	101
Oct	10	1200	4.83	101
Oct	10	1130	4.83	102
Oct	10	1100	4.84	101
Oct	10	1030	4.83	101
Oct	10	1000	4.85	100
Oct	10	930	4.85	101
Oct	10	900	4.84	103
Oct	10	830	4.83	105
Oct	10	800	4.85	104
Oct	10	730	4.84	105
Oct	10	700	4.83	105
Oct	10	630	4.83	104
Oct	10	600	4.84	102
Oct	10	530	4.84	103
Oct	10	500	4.84	106
Oct	10	430	4.84	105
Oct	10	400	4.83	104
Oct	10	330	4.84	103
Oct	10	300	4.84	100
Oct	10	230	4.86	99
Oct	10	200	4.86	100
Oct	10	130	4.86	103
Oct	10	100	4.83	103
Oct	10	30	4.85	98
Oct	10	0	4.85	98
Oct	9	2330	4.84	96
Oct	9	2300	4.85	98
Oct	9	2230	4.83	98
Oct	9	2200	4.85	99
Oct	9	2130	4.84	99
Oct	9	2100	4.86	100
Oct	9	2030	4.86	100
Oct	9	2000	4.83	100
Oct	9	1930	4.85	97
Oct	9	1900	4.86	100
Oct	9	1830	4.86	99
Oct	9	1800	4.88	103
Oct	9	1730	4.9	99
Oct	9	1700	4.9	101
Oct	9	1630	4.92	103
Oct	9	1600	4.92	103
Oct	9	1530	4.91	104
Oct	9	1500	4.92	103
Oct	9	1430	4.92	102
Oct	9	1400	4.92	102
Oct	9	1330	4.93	102
Oct	9	1300	4.92	103
Oct	9	1230	4.91	102
Oct	9	1200	4.91	104
Oct	9	1130	4.92	107
Oct	9	1100	4.92	103
Oct	9	1030	4.91	103
Oct	9	1000	4.92	104
Oct	9	930	4.94	100
Oct	9	900	4.92	100
Oct	9	830	4.92	99
Oct	9	800	4.92	99
Oct	9	730	4.93	99
Oct	9	700	4.93	100
Oct	9	630	4.93	98
Oct	9	600	4.92	99
Oct	9	530	4.91	100
Oct	9	500	4.93	100
Oct	9	430	4.93	99
Oct	9	400	4.92	101
Oct	9	330	4.94	98
Oct	9	300	4.93	102
Oct	9	230	4.93	99
Oct	9	200	4.93	98
Oct	9	130	4.93	102
Oct	9	100	4.92	102
Oct	9	30	4.91	102
Oct	9	0	4.94	103
Oct	8	2330	4.91	104
Oct	8	2300	4.93	105
Oct	8	2230	4.93	103
Oct	8	2200	4.9	103
Oct	8	2130	4.9	102
Oct	8	2100	4.93	103
Oct	8	2030	4.93	100
Oct	8	2000	4.92	99
Oct	8	1930	4.93	99
Oct	8	1900	4.93	99
Oct	8	1830	4.93	99
Oct	8	1800	4.93	100
Oct	8	1730	4.92	100
Oct	8	1700	4.93	97
Oct	8	1630	4.92	98
Oct	8	1600	4.9	101
Oct	8	1530	4.9	103
Oct	8	1500	4.91	102
Oct	8	1430	4.92	101
Oct	8	1400	4.92	101
Oct	8	1330	4.92	102
Oct	8	1300	4.92	101
Oct	8	1230	4.91	102
Oct	8	1200	4.92	101
Oct	8	1130	4.91	100
Oct	8	1100	4.92	100
Oct	8	1030	4.92	103
Oct	8	1000	4.92	100
Oct	8	930	4.92	102
Oct	8	900	4.91	102
Oct	8	830	4.91	99
Oct	8	800	4.91	101
Oct	8	730	4.91	100
Oct	8	700	4.92	100
Oct	8	630	4.91	100
Oct	8	600	4.91	99
Oct	8	530	4.91	100
Oct	8	500	4.9	101
Oct	8	430	4.91	100
Oct	8	400	4.9	101
Oct	8	330	4.92	101
Oct	8	300	4.92	101
Oct	8	230	4.93	101
Oct	8	200	4.9	101
Oct	8	130	4.92	101
Oct	8	100	4.92	98
Oct	8	30	4.92	98
Oct	8	0	4.92	99
Oct	7	2330	4.91	101
Oct	7	2300	4.91	102
Oct	7	2230	4.92	102
Oct	7	2200	4.91	100
Oct	7	2130	4.91	100
Oct	7	2100	4.92	99
Oct	7	2030	4.92	98
Oct	7	2000	4.92	97
Oct	7	1930	4.91	101
Oct	7	1900	4.92	99
Oct	7	1830	4.91	100
Oct	7	1800	4.92	99
Oct	7	1730	4.93	99
Oct	7	1700	4.91	99
Oct	7	1630	4.91	101
Oct	7	1600	4.92	98
Oct	7	1530	4.91	99
Oct	7	1500	4.91	100
Oct	7	1430	4.89	99
Oct	7	1400	4.92	100
Oct	7	1330	4.92	100
Oct	7	1300	4.91	100
Oct	7	1230	4.92	99
Oct	7	1200	4.92	101
Oct	7	1130	4.92	101
Oct	7	1100	4.93	100
Oct	7	1030	4.93	99
Oct	7	1000	4.93	100
Oct	7	930	4.91	100
Oct	7	900	4.91	99
Oct	7	830	4.9	100
Oct	7	800	4.9	100
Oct	7	730	4.91	99
Oct	7	700	4.92	101
Oct	7	630	4.93	99
Oct	7	600	4.93	99
Oct	7	530	4.93	98
Oct	7	500	4.92	100
Oct	7	430	4.92	101
Oct	7	400	4.92	100
Oct	7	330	4.92	100
Oct	7	300	4.92	101
Oct	7	230	4.92	102
Oct	7	200	4.92	101
Oct	7	130	4.93	102
Oct	7	100	4.93	101
Oct	7	30	4.93	101
Oct	7	0	4.91	101
Oct	6	2330	4.93	100
Oct	6	2300	4.92	101
Oct	6	2230	4.93	100
Oct	6	2200	4.93	103
Oct	6	2130	4.92	102
Oct	6	2100	4.91	101
Oct	6	2030	4.91	100
Oct	6	2000	4.93	100
Oct	6	1930	4.93	100
Oct	6	1900	4.93	102
Oct	6	1830	4.9	101
Oct	6	1800	4.91	101
Oct	6	1730	4.9	102
Oct	6	1700	4.89	101
Oct	6	1630	4.91	103
Oct	6	1600	4.89	102
Oct	6	1530	4.9	103
Oct	6	1500	4.91	103
Oct	6	1430	4.88	103
Oct	6	1400	4.9	103
Oct	6	1330	4.91	103
Oct	6	1300	4.9	101
Oct	6	1230	4.94	101
Oct	6	1200	4.95	103
Oct	6	1130	4.93	105
Oct	6	1100	4.95	102
Oct	6	1030	4.95	102
Oct	6	1000	4.95	102
Oct	6	930	4.95	104
Oct	6	900	4.94	104
Oct	6	830	4.95	103
Oct	6	800	4.94	103
Oct	6	730	4.93	104
Oct	6	700	4.94	105
Oct	6	630	4.94	105
Oct	6	600	4.94	105
Oct	6	530	4.94	105
Oct	6	500	4.94	103
Oct	6	430	4.94	104
Oct	6	400	4.94	101
Oct	6	330	4.93	100
Oct	6	300	4.9	104
Oct	6	230	4.9	101
Oct	6	200	4.91	103
Oct	6	130	4.9	101
Oct	6	100	4.91	101
Oct	6	30	4.9	102
Oct	6	0	4.92	102
Oct	5	2330	4.91	103
Oct	5	2300	4.9	101
Oct	5	2230	4.9	102
Oct	5	2200	4.91	102
Oct	5	2130	4.9	103
Oct	5	2100	4.93	103
Oct	5	2030	4.9	102
Oct	5	2000	4.92	100
Oct	5	1930	4.91	100
Oct	5	1900	4.9	100
Oct	5	1830	4.91	103
Oct	5	1800	4.93	103
Oct	5	1730	4.92	103
Oct	5	1700	4.95	100
Oct	5	1630	4.96	101
Oct	5	1600	4.96	99
Oct	5	1530	4.97	100
Oct	5	1500	4.98	101
Oct	5	1430	4.99	102
Oct	5	1400	4.99	102
Oct	5	1330	4.98	100
Oct	5	1300	4.99	100
Oct	5	1230	5	100
Oct	5	1200	4.99	101
Oct	5	1130	4.97	98
Oct	5	1100	4.99	98
Oct	5	1030	4.99	100
Oct	5	1000	4.98	100
Oct	5	930	4.99	100
Oct	5	900	4.98	98
Oct	5	830	4.99	99
Oct	5	800	4.99	97
Oct	5	730	4.97	100
Oct	5	700	4.97	101
Oct	5	630	4.97	101
Oct	5	600	4.98	101
Oct	5	530	4.98	101
Oct	5	500	4.98	102
Oct	5	430	4.99	100
Oct	5	400	4.98	102
Oct	5	330	4.97	101
Oct	5	300	4.97	99
Oct	5	230	4.99	101
Oct	5	200	4.97	104
Oct	5	130	4.99	102
Oct	5	100	4.99	103
Oct	5	30	4.98	101
Oct	5	0	4.97	100
Oct	4	2330	4.98	103
Oct	4	2300	4.98	103
Oct	4	2230	4.98	101
Oct	4	2200	4.97	100
Oct	4	2130	4.97	101
Oct	4	2100	4.97	101
Oct	4	2030	4.96	101
Oct	4	2000	4.97	101
Oct	4	1930	4.96	101
Oct	4	1900	4.99	101
Oct	4	1830	4.98	100
Oct	4	1800	4.98	101
Oct	4	1730	4.98	101
Oct	4	1700	4.98	101
Oct	4	1630	4.98	103
Oct	4	1600	4.98	103
Oct	4	1530	4.98	103
Oct	4	1500	4.97	100
Oct	4	1430	4.98	101
Oct	4	1400	4.97	101
Oct	4	1330	4.98	102
Oct	4	1300	4.97	100
Oct	4	1230	4.97	102
Oct	4	1200	4.98	103
Oct	4	1130	4.98	101
Oct	4	1100	4.97	102
Oct	4	1030	4.98	102
Oct	4	1000	4.98	101
Oct	4	930	4.98	103
Oct	4	900	4.98	101
Oct	4	830	4.98	101
Oct	4	800	4.99	101
Oct	4	730	4.98	101
Oct	4	700	4.97	102
Oct	4	630	4.98	100
Oct	4	600	4.99	101
Oct	4	530	4.99	101
Oct	4	500	4.98	101
Oct	4	430	4.98	99
Oct	4	400	4.98	100
Oct	4	330	4.98	101
Oct	4	300	4.98	100
Oct	4	230	4.97	101
Oct	4	200	4.97	100
Oct	4	130	4.97	100
Oct	4	100	4.98	100
Oct	4	30	4.97	101
Oct	4	0	4.97	102
Oct	3	2330	4.97	101
Oct	3	2300	4.95	100
Oct	3	2230	4.96	101
Oct	3	2200	4.96	102
Oct	3	2130	4.97	100
Oct	3	2100	4.96	103
Oct	3	2030	4.95	102
Oct	3	2000	4.95	102
Oct	3	1930	4.95	103
Oct	3	1900	4.95	104
Oct	3	1830	4.95	103
Oct	3	1800	4.97	101
Oct	3	1730	4.95	102
Oct	3	1700	4.96	103
Oct	3	1630	4.95	100
Oct	3	1600	4.96	102
Oct	3	1530	4.96	101
Oct	3	1500	4.98	102
Oct	3	1430	4.98	102
Oct	3	1400	4.97	100
Oct	3	1330	4.98	102
Oct	3	1300	4.97	102
Oct	3	1230	4.98	102
Oct	3	1200	4.98	103
Oct	3	1130	4.98	103
Oct	3	1100	4.97	103
Oct	3	1030	4.97	102
Oct	3	1000	4.98	102
Oct	3	930	4.97	102
Oct	3	900	4.98	102
Oct	3	830	4.98	102
Oct	3	800	4.98	100
Oct	3	730	4.98	101
Oct	3	700	4.98	102
Oct	3	630	4.98	102
Oct	3	600	4.97	102
Oct	3	530	4.98	102
Oct	3	500	4.98	102
Oct	3	430	4.98	104
Oct	3	400	4.97	103
Oct	3	330	4.95	105
Oct	3	300	4.96	103
Oct	3	230	4.96	104
Oct	3	200	4.96	103
Oct	3	130	4.96	104
Oct	3	100	4.96	104
Oct	3	30	4.95	104
Oct	3	0	4.95	105
Oct	2	2330	4.94	104
Oct	2	2300	4.95	104
Oct	2	2230	4.95	103
Oct	2	2200	4.95	102
Oct	2	2130	4.94	104
Oct	2	2100	4.95	102
Oct	2	2030	4.93	103
Oct	2	2000	4.93	102
Oct	2	1930	4.95	103
Oct	2	1900	4.94	103
Oct	2	1830	4.93	103
Oct	2	1800	4.93	101
Oct	2	1730	4.94	105
Oct	2	1700	4.93	105
Oct	2	1630	4.9	103
Oct	2	1600	4.91	107
Oct	2	1530	4.33	132
Oct	2	1500	4.33	102
Oct	2	1430	4.94	101
Oct	2	1400	4.94	102
Oct	2	1330	4.92	103
Oct	2	1300	4.95	102
Oct	2	1230	4.95	103
Oct	2	1200	4.94	102
Oct	2	1130	4.93	101
Oct	2	1100	4.93	102
Oct	2	1030	4.93	102
Oct	2	1000	4.93	102
Oct	2	930	4.94	101
Oct	2	900	4.94	100
Oct	2	830	4.93	101
Oct	2	800	4.93	102
Oct	2	730	4.93	101
Oct	2	700	4.93	101
Oct	2	630	4.94	101
Oct	2	600	4.94	101
Oct	2	530	4.93	102
Oct	2	500	4.93	101
Oct	2	430	4.93	101
Oct	2	400	4.93	102
Oct	2	330	4.92	102
Oct	2	300	4.91	101
Oct	2	230	4.91	102
Oct	2	200	4.92	102
Oct	2	130	4.92	101
Oct	2	100	4.92	103
Oct	2	30	4.91	102
Oct	2	0	4.91	103
Oct	1	2330	4.91	102
Oct	1	2300	4.9	101
Oct	1	2230	4.89	101
Oct	1	2200	4.9	100
Oct	1	2130	4.89	99
Oct	1	2100	4.91	100
Oct	1	2030	4.88	104
Oct	1	2000	4.89	102
Oct	1	1930	4.88	103
Oct	1	1900	4.89	102
Oct	1	1830	4.88	101
Oct	1	1800	4.87	102
Oct	1	1730	4.85	105
Oct	1	1700	4.84	103
Oct	1	1630	4.83	103
Oct	1	1600	4.84	103
Oct	1	1530	4.82	103
Oct	1	1500	4.82	103
Oct	1	1430	4.84	104
Oct	1	1400	4.84	103
Oct	1	1330	4.83	104
Oct	1	1300	4.83	104
Oct	1	1230	4.83	105
Oct	1	1200	4.85	105
Oct	1	1130	4.83	105
Oct	1	1100	4.82	104
Oct	1	1030	4.85	103
Oct	1	1000	4.84	103
Oct	1	930	4.84	102
Oct	1	900	4.83	103
Oct	1	830	4.82	101
Oct	1	800	4.83	102
Oct	1	730	4.82	102
Oct	1	700	4.83	101
Oct	1	630	4.84	101
Oct	1	600	4.82	101
Oct	1	530	4.83	103
Oct	1	500	4.82	101
Oct	1	430	4.82	101
Oct	1	400	4.83	101
Oct	1	330	4.83	102
Oct	1	300	4.83	100
Oct	1	230	4.81	103
Oct	1	200	4.81	102
Oct	1	130	4.82	101
Oct	1	100	4.82	103
Oct	1	30	4.82	102
Oct	1	0	4.82	102
Sep	30	2330	4.81	101
Sep	30	2300	4.82	101
Sep	30	2230	4.83	103
Sep	30	2200	4.81	101
Sep	30	2130	4.82	103
Sep	30	2100	4.81	102
Sep	30	2030	4.81	102
Sep	30	2000	4.81	102
Sep	30	1930	4.82	103
Sep	30	1900	4.81	103
Sep	30	1830	4.81	103
Sep	30	1800	4.82	104
Sep	30	1730	4.82	104
Sep	30	1700	4.81	105
Sep	30	1630	4.83	105
Sep	30	1600	4.83	104
Sep	30	1530	4.84	107
Sep	30	1500	4.85	104
Sep	30	1430	4.91	83
Sep	30	1400	4.91	86
Sep	30	1330	4.9	86
Sep	30	1300	4.9	86
Sep	30	1230	4.9	86
Sep	30	1200	4.9	86
Sep	30	1130	4.9	86
Sep	30	1100	4.9	83
Sep	30	1030	4.9	84
Sep	30	1000	4.89	85
Sep	30	930	4.89	84
Sep	30	900	4.9	84
Sep	30	830	4.89	85
Sep	30	800	4.89	85
Sep	30	730	4.89	84
Sep	30	700	4.89	84
Sep	30	630	4.88	84
Sep	30	600	4.88	83
Sep	30	530	4.88	83
Sep	30	500	4.89	82
Sep	30	430	4.89	82
Sep	30	400	4.87	83
Sep	30	330	4.87	83
Sep	30	300	4.88	83
Sep	30	230	4.88	84
Sep	30	200	4.88	83
Sep	30	130	4.87	82
Sep	30	100	4.88	83
Sep	30	30	4.88	84
Sep	30	0	4.87	83
Sep	29	2330	4.88	83
Sep	29	2300	4.88	83
Sep	29	2230	4.88	84
Sep	29	2200	4.88	83
Sep	29	2130	4.87	82
Sep	29	2100	4.88	83
Sep	29	2030	4.88	83
Sep	29	2000	4.88	83
Sep	29	1930	4.88	84
Sep	29	1900	4.88	85
Sep	29	1830	4.88	84
Sep	29	1800	4.88	84
Sep	29	1730	4.88	85
Sep	29	1700	4.89	86
Sep	29	1630	4.89	86
Sep	29	1600	4.9	86
Sep	29	1530	4.91	86
Sep	29	1500	4.89	86
Sep	29	1430	4.9	84
Sep	29	1400	4.91	83
Sep	29	1330	4.91	84
Sep	29	1300	4.91	83
Sep	29	1230	4.92	84
Sep	29	1200	4.92	84
Sep	29	1130	4.92	83
Sep	29	1100	4.92	83
Sep	29	1030	4.92	83
Sep	29	1000	4.92	84
Sep	29	930	4.92	83
Sep	29	900	4.92	83
Sep	29	830	4.92	83
Sep	29	800	4.92	83
Sep	29	730	4.9	82
Sep	29	700	4.9	83
Sep	29	630	4.91	82
Sep	29	600	4.91	82
Sep	29	530	4.91	83
Sep	29	500	4.91	85
Sep	29	430	4.9	85
Sep	29	400	4.91	85
Sep	29	330	4.9	84
Sep	29	300	4.89	85
Sep	29	230	4.9	86
Sep	29	200	4.89	85
Sep	29	130	4.89	86
Sep	29	100	4.9	85
Sep	29	30	4.9	85
Sep	29	0	4.89	84
Sep	28	2330	4.89	84
Sep	28	2300	4.89	86
Sep	28	2230	4.88	85
Sep	28	2200	4.89	85
Sep	28	2130	4.88	84
Sep	28	2100	4.89	83
Sep	28	2030	4.89	83
Sep	28	2000	4.89	95
Sep	28	1930	4.88	96
Sep	28	1900	4.9	96
Sep	28	1830	M	M
Sep	28	1800	M	M
Sep	28	1730	M	M
Sep	28	1700	M	M
Sep	28	1630	M	M
Sep	28	1600	M	M
Sep	28	1530	M	M
Sep	28	1500	M	M
Sep	28	1430	M	M
Sep	28	1400	M	M
Sep	28	1330	M	M
Sep	28	1300	M	M
Sep	28	1230	4.9	85
Sep	28	1200	4.92	85
Sep	28	1130	4.92	84
Sep	28	1100	4.91	85
Sep	28	1030	4.91	85
Sep	28	1000	4.92	85
Sep	28	930	4.92	85
Sep	28	900	4.91	85
Sep	28	830	4.91	84
Sep	28	800	4.92	84
Sep	28	730	4.92	83
Sep	28	700	4.91	83
Sep	28	630	4.91	83
Sep	28	600	4.91	83
Sep	28	530	4.91	84
Sep	28	500	4.91	84
Sep	28	430	4.91	83
Sep	28	400	4.91	83
Sep	28	330	4.9	83
Sep	28	300	4.9	82
Sep	28	230	4.91	83
Sep	28	200	4.91	83
Sep	28	130	4.9	84
Sep	28	100	4.9	83
Sep	28	30	4.9	84
Sep	28	0	4.91	83
Sep	27	2330	4.91	82
Sep	27	2300	4.91	81
Sep	27	2230	4.91	81
Sep	27	2200	4.9	81
Sep	27	2130	4.91	81
Sep	27	2100	4.91	82
Sep	27	2030	4.9	82
Sep	27	2000	4.89	84
Sep	27	1930	4.89	85
Sep	27	1900	4.89	86
Sep	27	1830	4.89	84
Sep	27	1800	4.89	86
Sep	27	1730	4.89	84
Sep	27	1700	4.89	86
Sep	27	1630	4.88	85
Sep	27	1600	4.9	86
Sep	27	1530	4.9	83
Sep	27	1500	4.9	83
Sep	27	1430	4.9	84
Sep	27	1400	4.91	83
Sep	27	1330	4.91	82
Sep	27	1300	4.91	83
Sep	27	1230	4.91	84
Sep	27	1200	4.92	84
Sep	27	1130	4.92	83
Sep	27	1100	4.92	82
Sep	27	1030	4.92	83
Sep	27	1000	4.92	84
Sep	27	930	4.91	83
Sep	27	900	4.91	83
Sep	27	830	4.91	82
Sep	27	800	4.92	83
Sep	27	730	4.91	83
Sep	27	700	4.92	83
Sep	27	630	4.91	83
Sep	27	600	4.91	85
Sep	27	530	4.92	84
Sep	27	500	4.91	83
Sep	27	430	4.91	83
Sep	27	400	4.91	83
Sep	27	330	4.91	84
Sep	27	300	4.91	83
Sep	27	230	4.91	82
Sep	27	200	4.9	84
Sep	27	130	4.9	85
Sep	27	100	4.9	84
Sep	27	30	4.9	86
Sep	27	0	4.9	83
Sep	26	2330	4.9	83
Sep	26	2300	4.9	83
Sep	26	2230	4.9	83
Sep	26	2200	4.91	83
Sep	26	2130	4.91	82
Sep	26	2100	4.9	83
Sep	26	2030	4.91	84
Sep	26	2000	4.91	82
Sep	26	1930	4.92	82
Sep	26	1900	4.91	83
Sep	26	1830	4.91	82
Sep	26	1800	4.92	84
Sep	26	1730	4.93	83
Sep	26	1700	4.94	84
Sep	26	1630	4.94	85
Sep	26	1600	4.94	86
Sep	26	1530	4.93	84
Sep	26	1500	4.94	84
Sep	26	1430	4.94	84
Sep	26	1400	4.94	85
Sep	26	1330	4.95	84
Sep	26	1300	4.95	86
Sep	26	1230	4.96	85
Sep	26	1200	4.96	85
Sep	26	1130	4.96	86
Sep	26	1100	4.96	86
Sep	26	1030	4.96	85
Sep	26	1000	4.96	85
Sep	26	930	4.96	87
Sep	26	900	4.96	85
Sep	26	830	4.95	85
Sep	26	800	4.95	85
Sep	26	730	4.95	85
Sep	26	700	4.96	85
Sep	26	630	4.96	85
Sep	26	600	4.96	83
Sep	26	530	4.95	84
Sep	26	500	4.95	83
Sep	26	430	4.95	84
Sep	26	400	4.95	84
Sep	26	330	4.95	84
Sep	26	300	4.95	85
Sep	26	230	4.94	83
Sep	26	200	4.94	83
Sep	26	130	4.94	84
Sep	26	100	4.93	83
Sep	26	30	4.93	82
Sep	26	0	4.93	81
Sep	25	2330	4.93	83
Sep	25	2300	4.93	82
Sep	25	2230	4.94	82
Sep	25	2200	4.94	82
Sep	25	2130	4.94	83
Sep	25	2100	4.93	83
Sep	25	2030	4.95	83
Sep	25	2000		
Sep	25	1930	M	M
Sep	25	1900	M	M
Sep	25	1830	M	M
Sep	25	1800	M	M
Sep	25	1730	M	M
Sep	25	1700	M	M
Sep	25	1630	M	M
Sep	25	1600	M	M
Sep	25	1530	M	M
Sep	25	1500	M	M
Sep	25	1430	M	M
Sep	25	1400	M	M
Sep	25	1330	M	M
Sep	25	1300	M	M
Sep	25	1230	M	M
Sep	25	1200	M	M
Sep	25	1130	M	M
Sep	25	1100	M	M
Sep	25	1030	M	M
Sep	25	1000	M	M
Sep	25	930	M	M
Sep	25	900	M	M
Sep	25	830	M	M
Sep	25	800	M	M
Sep	25	730	M	M
Sep	25	700	M	M
Sep	25	630	M	M
Sep	25	600	M	M
Sep	25	530	M	M
Sep	25	500	M	M
Sep	25	430	M	M
Sep	25	400	M	M
Sep	25	330	M	M
Sep	25	300	M	M
Sep	25	230	M	M
Sep	25	200	M	M
Sep	25	130	M	M
Sep	25	100	M	M
Sep	25	30	M	M
Sep	25	0	M	M
